# ECalBin GEMLayer xMin xMax yMin yMax
0 0 -0.25 -0.05 0.25 0.5
0 1 0.1 0.25 -0.2 0.1
0 2 0.05 0.25 -0.8 -0.65
0 3 -0.2 0 -0.85 -0.7
0 4 0.1 0.25 -0.1 0.1
0 5 -0.2 0 0.5 0.65
0 6 -0.2 0 -0.95 -0.8
0 7 -0.3 -0.15 0.35 0.55
1 0 0 0.25 -0.85 -0.55
1 1 0.05 0.25 -0.85 -0.7
1 2 0.05 0.25 -0.85 -0.7
1 3 0.05 0.25 -0.85 -0.65
1 4 nan nan nan nan
1 5 nan nan nan nan
1 6 0.05 0.3 -1.05 -0.85
1 7 0.05 0.35 -1.1 -0.9
2 0 0 0.25 -0.85 -0.6
2 1 0 0.25 -0.85 -0.6
2 2 0 0.25 -0.85 -0.7
2 3 0.05 0.25 -0.85 -0.7
2 4 0.05 0.25 -0.85 -0.7
2 5 0.05 0.25 -0.85 -0.7
2 6 -0.05 0.35 -1.05 -0.75
2 7 0.05 0.35 -1.1 -0.85
3 0 0 0.25 -0.85 -0.55
3 1 0 0.25 -0.85 -0.6
3 2 0 0.25 -0.85 -0.65
3 3 0 0.25 -0.85 -0.65
3 4 0.05 0.25 -0.85 -0.65
3 5 0.05 0.25 -0.85 -0.75
3 6 0.05 0.35 -1.05 -0.7
3 7 0.05 0.35 -1.1 -0.8
4 0 0.05 0.25 -0.8 -0.55
4 1 0.05 0.25 -0.85 -0.55
4 2 0.05 0.25 -0.85 -0.6
4 3 0.05 0.25 -0.85 -0.65
4 4 0 0.25 -0.85 -0.65
4 5 0.05 0.25 -0.85 -0.7
4 6 0.05 0.35 -1.05 -0.7
4 7 0.1 0.35 -1.05 -0.75
5 0 0.05 0.25 -0.8 -0.5
5 1 0.05 0.25 -0.85 -0.5
5 2 0.05 0.3 -0.85 -0.55
5 3 0.05 0.25 -0.85 -0.55
5 4 0.1 0.25 -0.85 -0.6
5 5 0.1 0.25 -0.85 -0.6
5 6 0.05 0.35 -1 -0.65
5 7 0.15 0.35 -1 -0.65
6 0 nan nan nan nan
6 1 nan nan nan nan
6 2 nan nan nan nan
6 3 nan nan nan nan
6 4 nan nan nan nan
6 5 nan nan nan nan
6 6 nan nan nan nan
6 7 nan nan nan nan
7 0 nan nan nan nan
7 1 nan nan nan nan
7 2 nan nan nan nan
7 3 nan nan nan nan
7 4 nan nan nan nan
7 5 nan nan nan nan
7 6 nan nan nan nan
7 7 nan nan nan nan
8 0 nan nan nan nan
8 1 nan nan nan nan
8 2 nan nan nan nan
8 3 nan nan nan nan
8 4 nan nan nan nan
8 5 nan nan nan nan
8 6 nan nan nan nan
8 7 nan nan nan nan
9 0 nan nan nan nan
9 1 nan nan nan nan
9 2 nan nan nan nan
9 3 nan nan nan nan
9 4 nan nan nan nan
9 5 nan nan nan nan
9 6 nan nan nan nan
9 7 nan nan nan nan
10 0 0 0.2 -0.85 -0.65
10 1 0 0.2 -0.85 -0.7
10 2 0 0.2 -0.85 -0.75
10 3 0 0.2 -0.85 -0.75
10 4 nan nan nan nan
10 5 nan nan nan nan
10 6 0 0.2 -1.05 -0.85
10 7 0 0.2 -1.1 -0.9
11 0 -0.05 0.25 -0.85 -0.6
11 1 -0.1 0.25 -0.85 -0.65
11 2 -0.05 0.25 -0.85 -0.7
11 3 -0.05 0.25 -0.85 -0.7
11 4 0 0.25 -0.85 -0.65
11 5 -0.05 0.1 -0.85 -0.7
11 6 -0.15 0.3 -1.05 -0.8
11 7 -0.1 0.3 -1.1 -0.85
12 0 -0.05 0.25 -0.85 -0.6
12 1 -0.05 0.25 -0.85 -0.6
12 2 -0.05 0.25 -0.85 -0.65
12 3 -0.05 0.25 -0.85 -0.7
12 4 -0.1 0.25 -0.85 -0.7
12 5 -0.05 0.25 -0.85 -0.7
12 6 -0.05 0.3 -1.05 -0.75
12 7 -0.05 0.35 -1.1 -0.8
13 0 -0.05 0.25 -0.8 -0.55
13 1 -0.05 0.25 -0.85 -0.6
13 2 0 0.25 -0.85 -0.6
13 3 -0.05 0.25 -0.85 -0.65
13 4 0 0.25 -0.85 -0.65
13 5 0 0.25 -0.85 -0.7
13 6 0 0.3 -1 -0.7
13 7 0 0.35 -1.05 -0.75
14 0 0 0.25 -0.8 -0.5
14 1 0 0.25 -0.85 -0.45
14 2 0 0.25 -0.85 -0.55
14 3 0 0.25 -0.85 -0.55
14 4 0.05 0.25 -0.85 -0.6
14 5 0 0.25 -0.85 -0.6
14 6 0 0.3 -0.95 -0.7
14 7 0.05 0.35 -1 -0.65
15 0 0 0.25 -0.8 -0.4
15 1 0.05 0.25 -0.8 -0.45
15 2 0.05 0.25 -0.85 -0.5
15 3 0.05 0.25 -0.85 -0.5
15 4 0.05 0.25 -0.85 -0.55
15 5 0.05 0.25 -0.85 -0.6
15 6 0.05 0.35 -0.95 -0.6
15 7 0.1 0.35 -1 -0.6
16 0 0.05 0.25 -0.7 -0.35
16 1 0.05 0.25 -0.7 -0.45
16 2 0.05 0.25 -0.7 -0.45
16 3 0.05 0.25 -0.75 -0.5
16 4 0.1 0.25 -0.8 -0.5
16 5 0.1 0.25 -0.85 -0.6
16 6 0.1 0.35 -0.85 -0.55
16 7 0.1 0.35 -0.9 -0.6
17 0 nan nan nan nan
17 1 nan nan nan nan
17 2 nan nan nan nan
17 3 nan nan nan nan
17 4 nan nan nan nan
17 5 nan nan nan nan
17 6 nan nan nan nan
17 7 nan nan nan nan
18 0 nan nan nan nan
18 1 nan nan nan nan
18 2 nan nan nan nan
18 3 nan nan nan nan
18 4 nan nan nan nan
18 5 nan nan nan nan
18 6 nan nan nan nan
18 7 nan nan nan nan
19 0 nan nan nan nan
19 1 nan nan nan nan
19 2 nan nan nan nan
19 3 nan nan nan nan
19 4 nan nan nan nan
19 5 nan nan nan nan
19 6 nan nan nan nan
19 7 nan nan nan nan
20 0 -0.15 0.2 -0.85 -0.65
20 1 -0.15 0.2 -0.85 -0.7
20 2 -0.15 0.2 -0.85 -0.7
20 3 -0.1 0.15 -0.85 -0.75
20 4 -0.15 0.1 -0.85 -0.65
20 5 -0.05 0.1 -0.85 -0.75
20 6 -0.15 0.2 -1.05 -0.8
20 7 -0.1 0.2 -1.1 -0.85
21 0 -0.15 0.2 -0.85 -0.6
21 1 -0.15 0.2 -0.85 -0.65
21 2 -0.1 0.25 -0.85 -0.65
21 3 -0.15 0.2 -0.85 -0.7
21 4 -0.15 0.2 -0.85 -0.75
21 5 -0.15 0.2 -0.85 -0.7
21 6 -0.15 0.2 -1.05 -0.8
21 7 -0.15 0.2 -1.1 -0.85
22 0 -0.1 0.25 -0.8 -0.55
22 1 -0.1 0.25 -0.85 -0.55
22 2 -0.1 0.25 -0.85 -0.6
22 3 -0.1 0.25 -0.85 -0.6
22 4 -0.1 0.25 -0.85 -0.6
22 5 -0.1 0.25 -0.85 -0.7
22 6 -0.15 0.3 -1.05 -0.7
22 7 -0.1 0.3 -1.1 -0.75
23 0 -0.1 0.25 -0.75 -0.5
23 1 -0.05 0.25 -0.8 -0.55
23 2 -0.05 0.25 -0.85 -0.55
23 3 -0.1 0.25 -0.85 -0.6
23 4 -0.05 0.25 -0.85 -0.6
23 5 -0.1 0.25 -0.85 -0.55
23 6 -0.05 0.3 -0.95 -0.65
23 7 -0.1 0.3 -1 -0.7
24 0 -0.05 0.25 -0.7 -0.45
24 1 -0.05 0.25 -0.75 -0.5
24 2 0 0.25 -0.8 -0.5
24 3 0 0.25 -0.8 -0.55
24 4 0 0.25 -0.85 -0.55
24 5 0 0.25 -0.85 -0.6
24 6 0 0.3 -0.9 -0.65
24 7 -0.05 0.35 -0.95 -0.6
25 0 0.05 0.25 -0.7 -0.4
25 1 0 0.25 -0.7 -0.45
25 2 0 0.25 -0.75 -0.5
25 3 0 0.25 -0.75 -0.5
25 4 0 0.25 -0.8 -0.5
25 5 0.05 0.25 -0.85 -0.6
25 6 0.05 0.3 -0.85 -0.6
25 7 0.05 0.35 -0.9 -0.6
26 0 0.05 0.25 -0.65 -0.4
26 1 0.05 0.25 -0.7 -0.4
26 2 0.05 0.25 -0.7 -0.45
26 3 0.05 0.25 -0.75 -0.45
26 4 0.05 0.25 -0.75 -0.5
26 5 0.05 0.25 -0.8 -0.5
26 6 0.05 0.35 -0.85 -0.5
26 7 0.1 0.35 -0.9 -0.55
27 0 nan nan nan nan
27 1 nan nan nan nan
27 2 nan nan nan nan
27 3 nan nan nan nan
27 4 nan nan nan nan
27 5 nan nan nan nan
27 6 nan nan nan nan
27 7 nan nan nan nan
28 0 nan nan nan nan
28 1 nan nan nan nan
28 2 nan nan nan nan
28 3 nan nan nan nan
28 4 nan nan nan nan
28 5 nan nan nan nan
28 6 nan nan nan nan
28 7 nan nan nan nan
29 0 nan nan nan nan
29 1 nan nan nan nan
29 2 nan nan nan nan
29 3 nan nan nan nan
29 4 nan nan nan nan
29 5 nan nan nan nan
29 6 nan nan nan nan
29 7 nan nan nan nan
30 0 -0.25 0.1 -0.85 -0.6
30 1 -0.25 0.1 -0.85 -0.6
30 2 -0.25 0.1 -0.85 -0.7
30 3 -0.25 0.1 -0.85 -0.6
30 4 -0.2 0.1 -0.85 -0.7
30 5 -0.25 0.15 -0.85 -0.7
30 6 -0.3 0.1 -1.05 -0.85
30 7 -0.25 0.1 -1.1 -0.85
31 0 -0.2 0.15 -0.85 -0.55
31 1 -0.2 0.15 -0.85 -0.6
31 2 -0.25 0.15 -0.85 -0.6
31 3 -0.25 0.25 -0.85 -0.6
31 4 -0.25 0.15 -0.85 -0.65
31 5 -0.25 0.2 -0.85 -0.7
31 6 -0.25 0.15 -1.05 -0.7
31 7 -0.25 0.15 -1.1 -0.7
32 0 -0.2 0.2 -0.8 -0.5
32 1 -0.2 0.2 -0.85 -0.55
32 2 -0.2 0.2 -0.85 -0.6
32 3 -0.15 0.25 -0.85 -0.6
32 4 -0.2 0.25 -0.85 -0.6
32 5 -0.15 0.2 -0.85 -0.6
32 6 -0.2 0.2 -1 -0.75
32 7 -0.15 0.25 -1 -0.65
33 0 -0.1 0.2 -0.7 -0.45
33 1 -0.1 0.25 -0.75 -0.5
33 2 -0.15 0.2 -0.8 -0.55
33 3 -0.1 0.25 -0.85 -0.55
33 4 -0.15 0.25 -0.85 -0.6
33 5 -0.1 0.25 -0.85 -0.6
33 6 -0.1 0.25 -0.95 -0.65
33 7 -0.1 0.25 -0.95 -0.65
34 0 -0.1 0.25 -0.7 -0.45
34 1 -0.05 0.25 -0.7 -0.45
34 2 -0.15 0.25 -0.75 -0.5
34 3 -0.1 0.25 -0.75 -0.5
34 4 -0.1 0.25 -0.8 -0.55
34 5 -0.05 0.25 -0.8 -0.5
34 6 -0.1 0.3 -0.85 -0.55
34 7 -0.1 0.35 -0.9 -0.6
35 0 -0.05 0.25 -0.65 -0.4
35 1 0 0.25 -0.65 -0.35
35 2 -0.05 0.25 -0.7 -0.45
35 3 0 0.25 -0.7 -0.45
35 4 0 0.25 -0.75 -0.5
35 5 0 0.25 -0.8 -0.5
35 6 0 0.3 -0.8 -0.55
35 7 0 0.35 -0.85 -0.55
36 0 0 0.25 -0.6 -0.35
36 1 0 0.25 -0.65 -0.35
36 2 0 0.25 -0.65 -0.4
36 3 0.05 0.25 -0.7 -0.35
36 4 0.05 0.25 -0.7 -0.45
36 5 0.05 0.25 -0.75 -0.45
36 6 0.05 0.3 -0.75 -0.45
36 7 0 0.35 -0.8 -0.4
37 0 0.05 0.25 -0.6 -0.3
37 1 0.05 0.25 -0.6 -0.35
37 2 0.05 0.25 -0.65 -0.35
37 3 0.05 0.25 -0.7 -0.4
37 4 0.05 0.25 -0.7 -0.4
37 5 0.05 0.25 -0.7 -0.45
37 6 0.1 0.35 -0.75 -0.45
37 7 0.1 0.35 -0.75 -0.45
38 0 nan nan nan nan
38 1 nan nan nan nan
38 2 nan nan nan nan
38 3 nan nan nan nan
38 4 nan nan nan nan
38 5 nan nan nan nan
38 6 nan nan nan nan
38 7 nan nan nan nan
39 0 nan nan nan nan
39 1 nan nan nan nan
39 2 nan nan nan nan
39 3 nan nan nan nan
39 4 nan nan nan nan
39 5 nan nan nan nan
39 6 nan nan nan nan
39 7 nan nan nan nan
40 0 -0.25 0.05 -0.85 -0.55
40 1 -0.25 0 -0.85 -0.6
40 2 -0.25 0 -0.85 -0.65
40 3 -0.25 0.05 -0.85 -0.6
40 4 -0.25 0.05 -0.85 -0.7
40 5 -0.25 0.1 -0.85 -0.75
40 6 -0.3 0.05 -1.1 -0.75
40 7 -0.35 0.05 -1.1 -0.75
41 0 -0.25 0.1 -0.8 -0.5
41 1 -0.25 0.1 -0.85 -0.55
41 2 -0.25 0.1 -0.85 -0.6
41 3 -0.25 0.05 -0.85 -0.65
41 4 -0.25 0.1 -0.85 -0.65
41 5 -0.25 0.15 -0.85 -0.65
41 6 -0.25 0.1 -1 -0.7
41 7 -0.3 0.1 -1.05 -0.75
42 0 -0.25 0.15 -0.75 -0.45
42 1 -0.25 0.15 -0.75 -0.5
42 2 -0.25 0.15 -0.85 -0.5
42 3 -0.25 0.15 -0.85 -0.55
42 4 -0.25 0.15 -0.85 -0.6
42 5 -0.2 0.15 -0.85 -0.6
42 6 -0.2 0.15 -0.95 -0.65
42 7 -0.25 0.15 -1 -0.65
43 0 -0.15 0.15 -0.7 -0.4
43 1 -0.15 0.2 -0.7 -0.45
43 2 -0.15 0.2 -0.75 -0.4
43 3 -0.15 0.2 -0.8 -0.5
43 4 -0.15 0.2 -0.8 -0.5
43 5 -0.15 0.25 -0.85 -0.55
43 6 -0.15 0.2 -0.85 -0.55
43 7 -0.15 0.2 -0.85 -0.6
44 0 -0.1 0.25 -0.65 -0.4
44 1 -0.1 0.25 -0.65 -0.4
44 2 -0.1 0.25 -0.7 -0.4
44 3 -0.1 0.25 -0.7 -0.45
44 4 -0.15 0.25 -0.75 -0.45
44 5 -0.1 0.25 -0.75 -0.5
44 6 -0.15 0.3 -0.85 -0.5
44 7 -0.1 0.25 -0.8 -0.5
45 0 -0.1 0.25 -0.6 -0.35
45 1 -0.1 0.25 -0.65 -0.4
45 2 -0.05 0.25 -0.65 -0.4
45 3 -0.1 0.25 -0.7 -0.4
45 4 -0.05 0.25 -0.7 -0.45
45 5 -0.1 0.25 -0.7 -0.45
45 6 -0.1 0.3 -0.8 -0.5
45 7 -0.05 0.35 -0.85 -0.5
46 0 0 0.25 -0.6 -0.3
46 1 -0.05 0.25 -0.6 -0.35
46 2 0 0.25 -0.6 -0.35
46 3 0 0.25 -0.65 -0.35
46 4 0 0.25 -0.65 -0.4
46 5 0 0.25 -0.7 -0.45
46 6 0 0.3 -0.7 -0.4
46 7 0 0.35 -0.75 -0.45
47 0 0 0.25 -0.55 -0.3
47 1 0.05 0.25 -0.6 -0.3
47 2 0 0.25 -0.6 -0.35
47 3 0.05 0.25 -0.65 -0.35
47 4 0.05 0.25 -0.7 -0.4
47 5 0.05 0.25 -0.75 -0.4
47 6 0.05 0.35 -0.75 -0.4
47 7 0 0.35 -0.75 -0.45
48 0 nan nan nan nan
48 1 nan nan nan nan
48 2 nan nan nan nan
48 3 nan nan nan nan
48 4 nan nan nan nan
48 5 nan nan nan nan
48 6 nan nan nan nan
48 7 nan nan nan nan
49 0 nan nan nan nan
49 1 nan nan nan nan
49 2 nan nan nan nan
49 3 nan nan nan nan
49 4 nan nan nan nan
49 5 nan nan nan nan
49 6 nan nan nan nan
49 7 nan nan nan nan
50 0 -0.25 0 -0.85 -0.5
50 1 -0.25 0 -0.85 -0.55
50 2 -0.25 0 -0.85 -0.6
50 3 -0.25 0 -0.85 -0.6
50 4 -0.25 0 -0.85 -0.65
50 5 -0.25 0 -0.85 -0.65
50 6 -0.3 0 -1.05 -0.65
50 7 -0.3 0 -1.1 -0.75
51 0 -0.25 0.05 -0.75 -0.5
51 1 -0.25 0.05 -0.75 -0.5
51 2 -0.25 0.05 -0.85 -0.5
51 3 -0.25 0.05 -0.85 -0.6
51 4 -0.25 0.05 -0.85 -0.5
51 5 -0.25 0.05 -0.85 -0.6
51 6 -0.3 0.1 -0.95 -0.65
51 7 -0.3 0.1 -1.05 -0.7
52 0 -0.25 0.1 -0.7 -0.45
52 1 -0.25 0.1 -0.75 -0.45
52 2 -0.25 0.15 -0.75 -0.45
52 3 -0.25 0.15 -0.8 -0.5
52 4 -0.25 0.15 -0.85 -0.5
52 5 -0.25 0.1 -0.8 -0.55
52 6 -0.3 0.15 -0.9 -0.55
52 7 -0.3 0.1 -0.95 -0.6
53 0 -0.2 0.15 -0.65 -0.4
53 1 -0.2 0.15 -0.65 -0.4
53 2 -0.25 0.15 -0.7 -0.45
53 3 -0.2 0.15 -0.7 -0.45
53 4 -0.25 0.15 -0.75 -0.45
53 5 -0.2 0.15 -0.8 -0.5
53 6 -0.2 0.25 -0.8 -0.45
53 7 -0.25 0.2 -0.9 -0.55
54 0 -0.15 0.25 -0.6 -0.35
54 1 -0.15 0.2 -0.6 -0.35
54 2 -0.15 0.2 -0.65 -0.4
54 3 -0.15 0.2 -0.7 -0.45
54 4 -0.15 0.2 -0.7 -0.45
54 5 -0.15 0.2 -0.75 -0.4
54 6 -0.15 0.2 -0.8 -0.5
54 7 -0.15 0.2 -0.85 -0.45
55 0 -0.1 0.25 -0.6 -0.3
55 1 -0.1 0.25 -0.6 -0.35
55 2 -0.1 0.25 -0.6 -0.35
55 3 -0.1 0.25 -0.65 -0.4
55 4 -0.1 0.25 -0.65 -0.35
55 5 -0.1 0.25 -0.75 -0.45
55 6 -0.2 0.3 -0.75 -0.4
55 7 -0.1 0.3 -0.8 -0.45
56 0 -0.05 0.25 -0.55 -0.3
56 1 -0.05 0.25 -0.55 -0.3
56 2 -0.05 0.25 -0.6 -0.3
56 3 -0.05 0.25 -0.6 -0.35
56 4 0 0.25 -0.6 -0.35
56 5 -0.05 0.25 -0.65 -0.35
56 6 0 0.3 -0.7 -0.4
56 7 -0.05 0.35 -0.7 -0.4
57 0 0 0.25 -0.55 -0.25
57 1 0 0.25 -0.55 -0.25
57 2 0 0.25 -0.6 -0.3
57 3 0 0.25 -0.6 -0.35
57 4 0 0.25 -0.6 -0.35
57 5 -0.05 0.25 -0.6 -0.35
57 6 -0.05 0.3 -0.65 -0.4
57 7 0 0.35 -0.7 -0.4
58 0 0.05 0.25 -0.5 -0.25
58 1 0.05 0.25 -0.55 -0.25
58 2 0.05 0.25 -0.55 -0.3
58 3 0.05 0.25 -0.55 -0.3
58 4 0.05 0.25 -0.6 -0.2
58 5 0.05 0.25 -0.6 -0.25
58 6 0.05 0.3 -0.65 -0.35
58 7 0.05 0.35 -0.7 -0.3
59 0 nan nan nan nan
59 1 nan nan nan nan
59 2 nan nan nan nan
59 3 nan nan nan nan
59 4 nan nan nan nan
59 5 nan nan nan nan
59 6 nan nan nan nan
59 7 nan nan nan nan
60 0 -0.25 -0.05 -0.8 -0.45
60 1 -0.25 -0.05 -0.8 -0.5
60 2 -0.25 -0.05 -0.85 -0.5
60 3 -0.25 -0.05 -0.85 -0.5
60 4 -0.25 -0.05 -0.85 -0.55
60 5 -0.25 0 -0.85 -0.6
60 6 -0.3 -0.1 -1 -0.55
60 7 -0.35 -0.1 -1.05 -0.6
61 0 -0.25 0.05 -0.65 -0.4
61 1 -0.25 0.05 -0.7 -0.45
61 2 -0.25 0 -0.85 -0.45
61 3 -0.25 0 -0.85 -0.5
61 4 -0.25 0 -0.85 -0.5
61 5 -0.25 0.1 -0.85 -0.55
61 6 -0.35 0 -0.85 -0.55
61 7 -0.3 0.05 -0.9 -0.6
62 0 -0.25 0.05 -0.6 -0.35
62 1 -0.25 0.1 -0.65 -0.4
62 2 -0.25 0.1 -0.7 -0.35
62 3 -0.25 0.05 -0.75 -0.45
62 4 -0.25 0.15 -0.75 -0.4
62 5 -0.25 0.1 -0.8 -0.45
62 6 -0.3 0.05 -0.8 -0.5
62 7 -0.3 0.05 -0.85 -0.5
63 0 -0.25 0.1 -0.6 -0.35
63 1 -0.25 0.15 -0.6 -0.35
63 2 -0.25 0.1 -0.65 -0.4
63 3 -0.25 0.15 -0.65 -0.4
63 4 -0.25 0.1 -0.7 -0.45
63 5 -0.25 0.15 -0.7 -0.45
63 6 -0.3 0.15 -0.75 -0.4
63 7 -0.25 0.15 -0.75 -0.4
64 0 -0.2 0.15 -0.55 -0.3
64 1 -0.25 0.15 -0.6 -0.35
64 2 -0.2 0.15 -0.6 -0.35
64 3 -0.2 0.2 -0.65 -0.35
64 4 -0.2 0.2 -0.65 -0.4
64 5 -0.25 0.2 -0.75 -0.4
64 6 -0.2 0.2 -0.75 -0.45
64 7 -0.2 0.25 -0.8 -0.4
65 0 -0.15 0.2 -0.55 -0.3
65 1 -0.15 0.2 -0.55 -0.3
65 2 -0.1 0.25 -0.6 -0.3
65 3 -0.15 0.25 -0.6 -0.3
65 4 -0.1 0.25 -0.6 -0.35
65 5 -0.15 0.2 -0.65 -0.4
65 6 -0.1 0.25 -0.75 -0.4
65 7 -0.15 0.2 -0.7 -0.4
66 0 -0.1 0.25 -0.5 -0.25
66 1 -0.05 0.25 -0.5 -0.25
66 2 -0.1 0.25 -0.55 -0.3
66 3 -0.1 0.25 -0.55 -0.3
66 4 -0.1 0.25 -0.6 -0.35
66 5 -0.05 0.25 -0.6 -0.35
66 6 -0.1 0.3 -0.65 -0.35
66 7 -0.05 0.35 -0.65 -0.35
67 0 -0.05 0.25 -0.45 -0.15
67 1 -0.05 0.25 -0.5 -0.25
67 2 -0.05 0.25 -0.5 -0.25
67 3 -0.05 0.25 -0.55 -0.3
67 4 0 0.25 -0.55 -0.3
67 5 -0.05 0.25 -0.55 -0.3
67 6 0 0.35 -0.6 -0.3
67 7 0 0.35 -0.65 -0.25
68 0 0 0.25 -0.5 -0.1
68 1 0 0.25 -0.5 -0.1
68 2 0.05 0.25 -0.55 -0.25
68 3 0.05 0.25 -0.55 -0.15
68 4 0.05 0.25 -0.55 -0.25
68 5 0.05 0.25 -0.6 -0.2
68 6 0.05 0.35 -0.6 -0.2
68 7 0.05 0.35 -0.65 -0.2
69 0 nan nan nan nan
69 1 nan nan nan nan
69 2 nan nan nan nan
69 3 nan nan nan nan
69 4 nan nan nan nan
69 5 nan nan nan nan
69 6 nan nan nan nan
69 7 nan nan nan nan
70 0 -0.3 -0.05 -0.8 -0.4
70 1 -0.25 -0.05 -0.65 -0.4
70 2 -0.25 -0.1 -0.7 -0.45
70 3 -0.25 -0.05 -0.7 -0.45
70 4 -0.25 -0.1 -0.75 -0.45
70 5 -0.25 -0.1 -0.8 -0.5
70 6 -0.3 -0.1 -0.8 -0.55
70 7 -0.3 -0.1 -0.85 -0.55
71 0 -0.25 0 -0.6 -0.35
71 1 -0.25 0 -0.65 -0.35
71 2 -0.25 0 -0.65 -0.35
71 3 -0.25 -0.05 -0.7 -0.4
71 4 -0.25 -0.05 -0.7 -0.4
71 5 -0.25 -0.05 -0.8 -0.4
71 6 -0.3 -0.05 -0.8 -0.45
71 7 -0.35 0.1 -1 -0.4
72 0 -0.25 0.05 -0.55 -0.3
72 1 -0.25 0.05 -0.6 -0.3
72 2 -0.25 0.05 -0.6 -0.3
72 3 -0.25 0.05 -0.65 -0.35
72 4 -0.25 0.05 -0.7 -0.4
72 5 -0.25 0.05 -0.7 -0.35
72 6 -0.3 0.05 -0.75 -0.4
72 7 -0.3 0.05 -0.75 -0.4
73 0 -0.25 0.1 -0.55 -0.3
73 1 -0.25 0.1 -0.55 -0.25
73 2 -0.25 0.1 -0.55 -0.3
73 3 -0.25 0.1 -0.6 -0.35
73 4 -0.25 0.1 -0.7 -0.35
73 5 -0.25 0.1 -0.65 -0.35
73 6 -0.3 0.1 -0.8 -0.35
73 7 -0.3 0.15 -0.75 -0.4
74 0 -0.2 0.15 -0.5 -0.25
74 1 -0.2 0.15 -0.5 -0.3
74 2 -0.2 0.15 -0.55 -0.25
74 3 -0.25 0.15 -0.55 -0.25
74 4 -0.2 0.2 -0.6 -0.2
74 5 -0.2 0.15 -0.65 -0.35
74 6 -0.25 0.15 -0.7 -0.3
74 7 -0.2 0.15 -0.75 -0.4
75 0 -0.15 0.2 -0.45 -0.2
75 1 -0.15 0.2 -0.5 -0.25
75 2 -0.15 0.2 -0.5 -0.25
75 3 -0.15 0.2 -0.6 -0.25
75 4 -0.15 0.2 -0.55 -0.3
75 5 -0.15 0.2 -0.6 -0.3
75 6 -0.2 0.2 -0.6 -0.35
75 7 -0.15 0.25 -0.65 -0.35
76 0 -0.1 0.25 -0.45 -0.2
76 1 -0.1 0.25 -0.45 -0.2
76 2 -0.1 0.25 -0.5 -0.25
76 3 -0.1 0.25 -0.5 -0.25
76 4 -0.1 0.25 -0.55 -0.3
76 5 -0.1 0.25 -0.55 -0.3
76 6 -0.1 0.25 -0.55 -0.3
76 7 -0.1 0.3 -0.6 -0.35
77 0 -0.05 0.25 -0.45 -0.2
77 1 -0.05 0.25 -0.45 -0.2
77 2 -0.05 0.25 -0.45 -0.2
77 3 -0.05 0.25 -0.5 -0.25
77 4 -0.05 0.25 -0.5 -0.2
77 5 -0.05 0.25 -0.5 -0.2
77 6 -0.05 0.3 -0.55 -0.3
77 7 -0.05 0.35 -0.55 -0.25
78 0 0 0.25 -0.4 -0.1
78 1 0 0.25 -0.5 -0.1
78 2 0 0.25 -0.45 -0.2
78 3 0 0.25 -0.45 -0.2
78 4 0 0.25 -0.5 -0.2
78 5 0 0.25 -0.5 -0.25
78 6 0.05 0.35 -0.55 -0.15
78 7 0.05 0.35 -0.55 -0.2
79 0 nan nan nan nan
79 1 nan nan nan nan
79 2 nan nan nan nan
79 3 nan nan nan nan
79 4 nan nan nan nan
79 5 nan nan nan nan
79 6 nan nan nan nan
79 7 nan nan nan nan
80 0 -0.25 -0.1 -0.55 -0.3
80 1 0.1 0.25 0 0.2
80 2 -0.25 -0.1 -0.6 -0.4
80 3 -0.25 -0.1 -0.65 -0.45
80 4 -0.25 -0.1 -0.65 -0.45
80 5 nan nan nan nan
80 6 -0.3 -0.15 -0.7 -0.45
80 7 -0.3 -0.15 -0.75 -0.45
81 0 -0.25 0 -0.55 -0.25
81 1 -0.25 -0.05 -0.55 -0.25
81 2 -0.25 -0.05 -0.6 -0.3
81 3 -0.25 -0.05 -0.6 -0.3
81 4 -0.25 0.05 -0.65 -0.3
81 5 -0.25 -0.05 -0.7 -0.35
81 6 -0.3 -0.05 -0.7 -0.35
81 7 -0.35 -0.05 -0.8 -0.4
82 0 -0.25 0 -0.5 -0.25
82 1 -0.25 0.05 -0.55 -0.25
82 2 -0.25 0 -0.55 -0.3
82 3 -0.25 0.05 -0.55 -0.3
82 4 -0.25 0 -0.65 -0.3
82 5 -0.25 0 -0.6 -0.3
82 6 -0.3 0.05 -0.65 -0.3
82 7 -0.35 0 -0.65 -0.35
83 0 -0.25 0.1 -0.45 -0.2
83 1 -0.25 0.1 -0.5 -0.25
83 2 -0.25 0.1 -0.55 -0.2
83 3 -0.25 0.1 -0.65 -0.25
83 4 -0.25 0.1 -0.55 -0.25
83 5 -0.25 0.1 -0.65 -0.3
83 6 -0.3 0.1 -0.75 -0.35
83 7 -0.3 0.1 -0.6 -0.35
84 0 -0.25 0.15 -0.45 -0.15
84 1 -0.25 0.15 -0.45 -0.2
84 2 -0.25 0.15 -0.5 -0.25
84 3 -0.25 0.15 -0.5 -0.2
84 4 -0.25 0.15 -0.55 -0.2
84 5 -0.25 0.15 -0.55 -0.25
84 6 -0.25 0.15 -0.6 -0.25
84 7 -0.3 0.15 -0.6 -0.25
85 0 -0.15 0.2 -0.4 -0.2
85 1 -0.15 0.2 -0.45 -0.2
85 2 -0.15 0.2 -0.45 -0.2
85 3 -0.15 0.2 -0.5 -0.2
85 4 -0.15 0.2 -0.55 -0.25
85 5 -0.2 0.2 -0.55 -0.25
85 6 -0.2 0.2 -0.55 -0.3
85 7 -0.2 0.2 -0.6 -0.3
86 0 -0.1 0.25 -0.4 -0.15
86 1 -0.1 0.25 -0.45 -0.15
86 2 -0.1 0.25 -0.45 -0.2
86 3 -0.1 0.25 -0.45 -0.2
86 4 -0.1 0.25 -0.45 -0.2
86 5 -0.2 0.25 -0.5 -0.2
86 6 -0.1 0.3 -0.5 -0.2
86 7 -0.1 0.35 -0.55 -0.2
87 0 -0.05 0.25 -0.35 -0.15
87 1 -0.05 0.25 -0.4 -0.15
87 2 -0.05 0.25 -0.4 -0.2
87 3 -0.05 0.25 -0.45 -0.2
87 4 -0.05 0.25 -0.45 -0.2
87 5 -0.05 0.25 -0.45 -0.2
87 6 -0.05 0.3 -0.5 -0.25
87 7 -0.05 0.3 -0.5 -0.25
88 0 0 0.25 -0.35 -0.05
88 1 0 0.25 -0.4 -0.05
88 2 0 0.25 -0.4 -0.1
88 3 0 0.25 -0.4 -0.15
88 4 0 0.25 -0.45 -0.1
88 5 0 0.25 -0.5 -0.2
88 6 0 0.3 -0.45 -0.1
88 7 0 0.35 -0.5 -0.1
89 0 nan nan nan nan
89 1 nan nan nan nan
89 2 nan nan nan nan
89 3 nan nan nan nan
89 4 nan nan nan nan
89 5 nan nan nan nan
89 6 nan nan nan nan
89 7 nan nan nan nan
90 0 0.1 0.25 -0.35 -0.15
90 1 nan nan nan nan
90 2 nan nan nan nan
90 3 nan nan nan nan
90 4 nan nan nan nan
90 5 nan nan nan nan
90 6 nan nan nan nan
90 7 nan nan nan nan
91 0 -0.25 -0.05 -0.45 -0.2
91 1 -0.25 -0.1 -0.45 -0.15
91 2 -0.25 -0.05 -0.5 -0.2
91 3 -0.25 -0.1 -0.5 -0.25
91 4 -0.25 -0.1 -0.5 -0.2
91 5 -0.25 -0.1 -0.55 -0.3
91 6 -0.3 -0.1 -0.55 -0.25
91 7 -0.35 -0.05 -0.6 -0.3
92 0 -0.25 0 -0.45 -0.15
92 1 -0.25 0 -0.45 -0.15
92 2 -0.25 0 -0.5 -0.2
92 3 -0.25 0 -0.5 -0.2
92 4 -0.25 0 -0.55 -0.2
92 5 -0.25 0 -0.55 -0.25
92 6 -0.35 0.05 -0.55 -0.25
92 7 -0.3 0 -0.65 -0.25
93 0 -0.25 0.05 -0.4 -0.15
93 1 -0.25 0.1 -0.4 -0.15
93 2 -0.25 0.05 -0.45 -0.2
93 3 -0.25 0.1 -0.45 -0.2
93 4 -0.25 0.1 -0.5 -0.15
93 5 -0.25 0.1 -0.5 -0.2
93 6 -0.35 0.1 -0.55 -0.2
93 7 -0.3 0.05 -0.6 -0.25
94 0 -0.25 0.1 -0.4 -0.15
94 1 -0.25 0.15 -0.4 -0.15
94 2 -0.25 0.15 -0.4 -0.15
94 3 -0.25 0.1 -0.45 -0.2
94 4 -0.25 0.15 -0.45 -0.2
94 5 -0.25 0.15 -0.45 -0.2
94 6 -0.3 0.15 -0.55 -0.15
94 7 -0.25 0.15 -0.5 -0.25
95 0 -0.2 0.15 -0.35 -0.1
95 1 -0.2 0.2 -0.4 -0.15
95 2 -0.2 0.2 -0.4 -0.1
95 3 -0.2 0.2 -0.4 -0.15
95 4 -0.2 0.2 -0.45 -0.2
95 5 -0.2 0.2 -0.45 -0.15
95 6 -0.2 0.2 -0.45 -0.15
95 7 -0.25 0.2 -0.5 -0.2
96 0 -0.15 0.25 -0.35 -0.1
96 1 -0.15 0.25 -0.35 -0.15
96 2 -0.15 0.25 -0.4 -0.15
96 3 -0.15 0.25 -0.4 -0.15
96 4 -0.1 0.25 -0.45 -0.15
96 5 -0.15 0.25 -0.45 -0.2
96 6 -0.15 0.25 -0.45 -0.2
96 7 -0.1 0.25 -0.5 -0.15
97 0 -0.05 0.25 -0.3 -0.1
97 1 -0.05 0.25 -0.35 -0.1
97 2 -0.05 0.25 -0.35 -0.15
97 3 -0.05 0.25 -0.4 -0.15
97 4 -0.05 0.25 -0.4 -0.15
97 5 -0.05 0.25 -0.45 -0.15
97 6 -0.05 0.3 -0.45 -0.2
97 7 -0.05 0.35 -0.45 -0.15
98 0 -0.05 0.25 -0.3 -0.1
98 1 0 0.25 -0.35 -0.05
98 2 0 0.25 -0.35 -0.05
98 3 -0.05 0.25 -0.4 -0.05
98 4 0 0.25 -0.4 -0.1
98 5 0 0.25 -0.4 -0.15
98 6 0 0.35 -0.45 -0.05
98 7 0 0.35 -0.45 -0.15
99 0 nan nan nan nan
99 1 nan nan nan nan
99 2 nan nan nan nan
99 3 nan nan nan nan
99 4 nan nan nan nan
99 5 nan nan nan nan
99 6 nan nan nan nan
99 7 nan nan nan nan
100 0 -0.2 -0.05 0.45 0.65
100 1 0.1 0.25 -0.25 -0.05
100 2 0.1 0.25 -0.25 -0.05
100 3 0.1 0.25 -0.25 -0.05
100 4 nan nan nan nan
100 5 nan nan nan nan
100 6 0.15 0.3 -0.3 -0.1
100 7 0.15 0.3 -0.7 -0.5
101 0 -0.3 -0.05 -0.4 -0.1
101 1 -0.25 -0.05 -0.4 -0.1
101 2 -0.25 -0.05 -0.4 -0.1
101 3 -0.25 -0.05 -0.4 -0.15
101 4 -0.25 0.05 -0.45 -0.15
101 5 -0.25 -0.1 -0.5 -0.2
101 6 -0.3 -0.05 -0.5 -0.2
101 7 -0.35 -0.05 -0.5 -0.2
102 0 -0.25 0 -0.35 -0.1
102 1 -0.25 0 -0.4 -0.1
102 2 -0.25 0 -0.4 -0.1
102 3 -0.25 0 -0.4 -0.1
102 4 -0.25 0 -0.4 -0.15
102 5 -0.25 0 -0.45 -0.15
102 6 -0.3 -0.05 -0.45 -0.15
102 7 -0.3 -0.05 -0.5 -0.2
103 0 -0.25 0.1 -0.35 -0.05
103 1 -0.25 0.05 -0.35 -0.1
103 2 -0.25 0.05 -0.4 -0.1
103 3 -0.25 0.05 -0.4 -0.1
103 4 -0.25 0.05 -0.45 -0.05
103 5 -0.25 0.05 -0.45 -0.1
103 6 -0.3 0.05 -0.5 -0.15
103 7 -0.3 0.1 -0.5 -0.15
104 0 -0.25 0.1 -0.3 -0.1
104 1 -0.25 0.1 -0.35 -0.1
104 2 -0.25 0.1 -0.35 -0.1
104 3 -0.25 0.1 -0.35 -0.1
104 4 -0.25 0.1 -0.4 -0.1
104 5 -0.25 0.15 -0.4 -0.15
104 6 -0.25 0.15 -0.4 -0.15
104 7 -0.25 0.25 -0.5 -0.15
105 0 -0.2 0.15 -0.3 -0.05
105 1 -0.2 0.25 -0.3 -0.05
105 2 -0.2 0.15 -0.35 -0.05
105 3 -0.2 0.15 -0.35 -0.1
105 4 -0.2 0.2 -0.35 -0.1
105 5 -0.2 0.2 -0.4 -0.1
105 6 -0.2 0.3 -0.4 -0.15
105 7 -0.2 0.3 -0.4 -0.15
106 0 -0.1 0.25 -0.3 -0.05
106 1 -0.15 0.2 -0.35 -0.05
106 2 -0.15 0.25 -0.35 -0.1
106 3 -0.15 0.25 -0.35 -0.1
106 4 -0.1 0.25 -0.4 -0.1
106 5 -0.15 0.25 -0.4 -0.1
106 6 -0.15 0.3 -0.45 -0.1
106 7 -0.15 0.35 -0.45 -0.1
107 0 -0.05 0.25 -0.3 -0.05
107 1 -0.05 0.25 -0.3 -0.05
107 2 -0.1 0.25 -0.35 -0.05
107 3 -0.1 0.25 -0.35 -0.1
107 4 -0.05 0.25 -0.4 -0.1
107 5 -0.1 0.25 -0.4 -0.1
107 6 -0.1 0.3 -0.45 -0.1
107 7 -0.05 0.35 -0.4 -0.1
108 0 0 0.25 -0.3 0
108 1 0 0.25 -0.3 0
108 2 0 0.25 -0.35 0
108 3 0 0.25 -0.35 0
108 4 0 0.25 -0.35 -0.05
108 5 0 0.25 -0.35 -0.1
108 6 0 0.35 -0.4 0
108 7 0 0.35 -0.4 -0.1
109 0 nan nan nan nan
109 1 nan nan nan nan
109 2 nan nan nan nan
109 3 nan nan nan nan
109 4 nan nan nan nan
109 5 nan nan nan nan
109 6 nan nan nan nan
109 7 nan nan nan nan
110 0 0.1 0.25 -0.4 -0.2
110 1 0.1 0.25 -0.4 -0.2
110 2 nan nan nan nan
110 3 -0.25 -0.05 0.5 0.65
110 4 nan nan nan nan
110 5 nan nan nan nan
110 6 0.15 0.3 -0.5 -0.3
110 7 0.15 0.3 -0.5 -0.3
111 0 -0.25 -0.1 -0.3 0
111 1 -0.25 -0.1 -0.3 0
111 2 -0.25 -0.1 -0.3 0
111 3 -0.25 -0.1 -0.35 -0.05
111 4 -0.25 -0.1 -0.35 -0.05
111 5 -0.25 -0.1 -0.4 -0.05
111 6 -0.3 -0.1 -0.4 -0.05
111 7 -0.35 -0.1 -0.4 -0.1
112 0 -0.25 0 -0.3 0
112 1 -0.25 0 -0.3 0
112 2 -0.25 0 -0.3 -0.05
112 3 -0.25 0 -0.35 -0.05
112 4 -0.25 0 -0.35 -0.05
112 5 -0.25 0 -0.4 -0.05
112 6 -0.3 0.05 -0.4 -0.1
112 7 -0.3 0 -0.4 -0.1
113 0 -0.25 0.05 -0.25 0
113 1 -0.25 0.05 -0.25 0.05
113 2 -0.25 0.05 -0.3 0
113 3 -0.25 0.1 -0.3 -0.05
113 4 -0.25 0.1 -0.35 0
113 5 -0.25 0.1 -0.35 0
113 6 -0.3 0.1 -0.35 0.05
113 7 -0.3 0.05 -0.4 -0.05
114 0 -0.25 0.1 -0.25 0
114 1 -0.25 0.1 -0.3 -0.05
114 2 -0.25 0.1 -0.3 -0.05
114 3 -0.25 0.1 -0.3 -0.05
114 4 -0.25 0.1 -0.3 -0.05
114 5 -0.25 0.15 -0.35 -0.05
114 6 -0.3 0.15 -0.35 -0.05
114 7 -0.3 0.15 -0.35 -0.1
115 0 -0.2 0.15 -0.25 0
115 1 -0.2 0.15 -0.25 -0.05
115 2 -0.2 0.15 -0.3 -0.05
115 3 -0.2 0.2 -0.3 -0.05
115 4 -0.2 0.2 -0.3 -0.05
115 5 -0.2 0.2 -0.35 -0.05
115 6 -0.2 0.2 -0.35 -0.1
115 7 -0.2 0.2 -0.35 -0.05
116 0 -0.15 0.25 -0.25 0
116 1 -0.15 0.25 -0.25 0
116 2 -0.15 0.2 -0.25 0
116 3 -0.15 0.25 -0.3 0
116 4 -0.15 0.25 -0.3 0.05
116 5 -0.2 0.25 -0.3 -0.05
116 6 -0.15 0.35 -0.35 -0.1
116 7 -0.15 0.3 -0.35 -0.1
117 0 -0.1 0.25 -0.25 0
117 1 -0.05 0.25 -0.25 -0.05
117 2 -0.05 0.25 -0.3 0
117 3 -0.1 0.25 -0.3 0
117 4 -0.05 0.25 -0.3 0
117 5 -0.1 0.25 -0.35 -0.05
117 6 -0.1 0.3 -0.3 -0.05
117 7 -0.15 0.35 -0.35 -0.1
118 0 -0.05 0.25 -0.25 0.05
118 1 0 0.25 -0.3 0
118 2 0 0.25 -0.3 0
118 3 -0.05 0.25 -0.3 0
118 4 0 0.25 -0.3 0
118 5 0 0.25 -0.3 0
118 6 0 0.35 -0.35 -0.05
118 7 0 0.35 -0.45 0
119 0 nan nan nan nan
119 1 nan nan nan nan
119 2 nan nan nan nan
119 3 nan nan nan nan
119 4 nan nan nan nan
119 5 nan nan nan nan
119 6 nan nan nan nan
119 7 nan nan nan nan
120 0 0.1 0.25 -0.25 0
120 1 -0.2 -0.05 0.4 0.65
120 2 -0.2 -0.05 0.45 0.65
120 3 -0.25 -0.1 -0.1 0.1
120 4 -0.25 -0.1 -0.2 0
120 5 0.1 0.25 -0.45 -0.25
120 6 0.15 0.3 -0.3 -0.05
120 7 -0.3 -0.15 -0.3 -0.1
121 0 -0.25 -0.05 -0.2 0.05
121 1 -0.25 -0.05 -0.2 0.05
121 2 -0.25 -0.05 -0.25 0.05
121 3 -0.25 -0.1 -0.25 0.05
121 4 -0.25 -0.1 -0.25 0.05
121 5 -0.25 -0.1 -0.25 0
121 6 -0.3 -0.1 -0.25 0
121 7 -0.3 -0.1 -0.3 0.05
122 0 -0.25 0 -0.2 0.05
122 1 -0.25 0 -0.2 0.05
122 2 -0.25 0 -0.2 0.1
122 3 -0.25 0 -0.25 0.05
122 4 -0.25 0 -0.25 0.05
122 5 -0.25 0 -0.25 0.05
122 6 -0.3 0 -0.25 0.05
122 7 -0.35 0 -0.3 0
123 0 -0.25 0.05 -0.2 0.05
123 1 -0.25 0.05 -0.2 0.05
123 2 -0.25 0.05 -0.2 0.05
123 3 -0.25 0.05 -0.25 0.05
123 4 -0.25 0.05 -0.25 0.05
123 5 -0.25 0.1 -0.25 0.1
123 6 -0.35 0.05 -0.3 0
123 7 -0.3 0.05 -0.3 0
124 0 -0.25 0.1 -0.2 0.05
124 1 -0.25 0.15 -0.25 0.1
124 2 -0.25 0.15 -0.25 0
124 3 -0.25 0.15 -0.3 0
124 4 -0.25 0.15 -0.3 0
124 5 -0.25 0.15 -0.25 0
124 6 -0.3 0.2 -0.3 0.05
124 7 -0.3 0.2 -0.3 0
125 0 -0.2 0.15 -0.2 0.05
125 1 -0.2 0.15 -0.2 0.05
125 2 -0.2 0.2 -0.3 0.05
125 3 -0.2 0.2 -0.3 0
125 4 -0.2 0.2 -0.3 0
125 5 -0.2 0.2 -0.3 0
125 6 -0.2 0.2 -0.3 0
125 7 -0.2 0.2 -0.3 0.05
126 0 -0.1 0.2 -0.2 0.05
126 1 -0.1 0.25 -0.2 0.05
126 2 -0.1 0.25 -0.2 0.05
126 3 -0.1 0.25 -0.25 0
126 4 -0.1 0.25 -0.25 0.1
126 5 -0.15 0.25 -0.25 0
126 6 -0.15 0.25 -0.25 0
126 7 -0.15 0.25 -0.3 0.05
127 0 -0.05 0.25 -0.2 0.05
127 1 -0.05 0.25 -0.2 0.05
127 2 -0.05 0.25 -0.2 0.05
127 3 -0.05 0.25 -0.25 0
127 4 -0.05 0.25 -0.25 0
127 5 -0.05 0.25 -0.25 0
127 6 -0.05 0.3 -0.3 0
127 7 -0.05 0.3 -0.3 0.05
128 0 0 0.25 -0.25 0.05
128 1 0 0.25 -0.25 0.05
128 2 0 0.25 -0.25 0.05
128 3 0 0.25 -0.25 0.05
128 4 0 0.25 -0.25 0
128 5 0 0.25 -0.25 0
128 6 0 0.3 -0.3 0
128 7 -0.05 0.35 -0.4 0.05
129 0 nan nan nan nan
129 1 nan nan nan nan
129 2 nan nan nan nan
129 3 nan nan nan nan
129 4 nan nan nan nan
129 5 nan nan nan nan
129 6 nan nan nan nan
129 7 nan nan nan nan
130 0 -0.25 -0.1 -0.1 0.1
130 1 -0.25 -0.1 -0.1 0.1
130 2 -0.25 -0.05 0.45 0.6
130 3 -0.1 0.05 0.45 0.65
130 4 nan nan nan nan
130 5 0.1 0.25 -0.4 -0.2
130 6 -0.3 -0.15 -0.15 0.05
130 7 -0.35 -0.15 -0.15 0.05
131 0 -0.25 -0.05 -0.15 0.15
131 1 -0.25 -0.05 -0.1 0.15
131 2 -0.25 -0.05 -0.15 0.15
131 3 -0.25 0 -0.15 0.15
131 4 -0.25 -0.05 -0.15 0.15
131 5 -0.25 -0.05 -0.15 0.15
131 6 -0.3 -0.05 -0.25 0.1
131 7 -0.35 -0.05 -0.25 0.1
132 0 -0.25 0 -0.15 0.15
132 1 -0.25 0 -0.1 0.1
132 2 -0.25 0 -0.15 0.1
132 3 -0.25 0.05 -0.15 0.1
132 4 -0.25 0 -0.15 0.1
132 5 -0.25 0.05 -0.15 0.1
132 6 -0.3 0 -0.2 0.15
132 7 -0.3 0.05 -0.2 0.1
133 0 -0.25 0.1 -0.15 0.1
133 1 -0.25 0.1 -0.15 0.1
133 2 -0.25 0.05 -0.15 0.1
133 3 -0.25 0.05 -0.15 0.15
133 4 -0.25 0.15 -0.2 0.1
133 5 -0.25 0.1 -0.15 0.1
133 6 -0.3 0.15 -0.2 0.15
133 7 -0.3 0.15 -0.2 0.15
134 0 -0.25 0.1 -0.15 0.1
134 1 -0.25 0.15 -0.15 0.1
134 2 -0.25 0.15 -0.2 0.1
134 3 -0.25 0.15 -0.15 0.1
134 4 -0.25 0.15 -0.2 0.1
134 5 -0.25 0.15 -0.2 0.1
134 6 -0.25 0.2 -0.25 0.1
134 7 -0.25 0.3 -0.3 0.05
135 0 -0.2 0.15 -0.15 0.1
135 1 -0.2 0.2 -0.15 0.1
135 2 -0.2 0.2 -0.15 0.1
135 3 -0.15 0.2 -0.15 0.1
135 4 -0.2 0.2 -0.15 0.1
135 5 -0.2 0.2 -0.2 0.1
135 6 -0.2 0.2 -0.2 0.1
135 7 -0.2 0.2 -0.25 0.05
136 0 -0.1 0.25 -0.15 0.1
136 1 -0.1 0.25 -0.15 0.1
136 2 -0.1 0.25 -0.15 0.1
136 3 -0.15 0.25 -0.2 0.05
136 4 -0.1 0.25 -0.2 0.05
136 5 -0.1 0.25 -0.2 0.05
136 6 -0.1 0.25 -0.25 0.05
136 7 -0.1 0.3 -0.25 0.1
137 0 -0.05 0.25 -0.2 0.1
137 1 -0.05 0.25 -0.2 0.1
137 2 -0.1 0.25 -0.15 0.15
137 3 -0.05 0.25 -0.15 0.15
137 4 -0.05 0.25 -0.25 0.1
137 5 -0.05 0.25 -0.25 0.05
137 6 -0.1 0.3 -0.25 0.05
137 7 -0.1 0.35 -0.2 0.05
138 0 0 0.25 -0.15 0.1
138 1 0 0.25 -0.25 0.1
138 2 0 0.25 -0.25 0.1
138 3 0 0.25 -0.25 0.05
138 4 0 0.25 -0.25 0.05
138 5 0 0.25 -0.25 0.05
138 6 0 0.35 -0.25 0.1
138 7 0 0.35 -0.35 0.1
139 0 nan nan nan nan
139 1 nan nan nan nan
139 2 nan nan nan nan
139 3 nan nan nan nan
139 4 nan nan nan nan
139 5 nan nan nan nan
139 6 nan nan nan nan
139 7 nan nan nan nan
140 0 -0.25 -0.1 -0.05 0.3
140 1 -0.25 -0.1 0 0.3
140 2 -0.25 -0.1 -0.05 0.2
140 3 -0.25 -0.1 0 0.2
140 4 -0.25 -0.1 0 0.2
140 5 -0.25 -0.1 0 0.2
140 6 -0.3 -0.1 -0.05 0.25
140 7 -0.35 -0.1 -0.05 0.25
141 0 -0.25 0 -0.05 0.25
141 1 -0.25 0 -0.05 0.3
141 2 -0.25 0 -0.05 0.25
141 3 -0.25 -0.05 -0.05 0.2
141 4 -0.25 0 -0.1 0.2
141 5 -0.25 0.05 -0.1 0.25
141 6 -0.3 -0.05 -0.1 0.2
141 7 -0.35 -0.05 -0.1 0.2
142 0 -0.25 0.05 -0.05 0.2
142 1 -0.25 0.05 -0.05 0.2
142 2 -0.25 0.05 -0.05 0.2
142 3 -0.25 0.05 -0.1 0.2
142 4 -0.25 0.05 -0.1 0.3
142 5 -0.25 0.05 -0.15 0.15
142 6 -0.3 0.1 -0.15 0.2
142 7 -0.35 0.05 -0.1 0.2
143 0 -0.25 0.1 -0.05 0.2
143 1 -0.25 0.1 -0.1 0.2
143 2 -0.25 0.1 -0.1 0.15
143 3 -0.25 0.1 -0.1 0.15
143 4 -0.25 0.1 -0.1 0.15
143 5 -0.25 0.1 -0.15 0.2
143 6 -0.3 0.15 -0.2 0.25
143 7 -0.3 0.1 -0.1 0.15
144 0 -0.2 0.15 -0.05 0.15
144 1 -0.2 0.15 -0.1 0.15
144 2 -0.2 0.15 -0.15 0.15
144 3 -0.2 0.15 -0.1 0.15
144 4 -0.2 0.15 -0.1 0.2
144 5 -0.2 0.15 -0.1 0.15
144 6 -0.2 0.15 -0.1 0.2
144 7 -0.25 0.15 -0.2 0.15
145 0 -0.15 0.2 -0.1 0.15
145 1 -0.15 0.2 -0.1 0.15
145 2 -0.15 0.2 -0.1 0.15
145 3 -0.15 0.2 -0.15 0.15
145 4 -0.15 0.2 -0.15 0.15
145 5 -0.15 0.2 -0.25 0.2
145 6 -0.2 0.2 -0.15 0.15
145 7 -0.15 0.2 -0.15 0.15
146 0 -0.1 0.25 -0.1 0.15
146 1 -0.1 0.25 -0.1 0.15
146 2 -0.1 0.25 -0.1 0.15
146 3 -0.1 0.25 -0.15 0.2
146 4 -0.1 0.25 -0.15 0.1
146 5 -0.1 0.25 -0.15 0.15
146 6 -0.1 0.25 -0.15 0.1
146 7 -0.15 0.3 -0.2 0.1
147 0 -0.05 0.25 -0.15 0.1
147 1 -0.05 0.25 -0.15 0.15
147 2 -0.05 0.25 -0.15 0.1
147 3 -0.05 0.25 -0.15 0.15
147 4 -0.05 0.25 -0.15 0.1
147 5 -0.05 0.25 -0.2 0.1
147 6 -0.05 0.3 -0.2 0.1
147 7 -0.05 0.3 -0.2 0.1
148 0 0 0.25 -0.25 0.15
148 1 0 0.25 -0.25 0.1
148 2 0 0.25 -0.25 0.1
148 3 0 0.25 -0.25 0.1
148 4 0 0.25 -0.2 0.1
148 5 0 0.25 -0.2 0.15
148 6 0 0.3 -0.15 0.1
148 7 0.05 0.35 -0.35 0.1
149 0 nan nan nan nan
149 1 nan nan nan nan
149 2 nan nan nan nan
149 3 nan nan nan nan
149 4 nan nan nan nan
149 5 nan nan nan nan
149 6 nan nan nan nan
149 7 nan nan nan nan
150 0 -0.25 -0.05 0.05 0.45
150 1 -0.25 -0.05 0.05 0.45
150 2 -0.25 -0.05 0.05 0.45
150 3 -0.25 -0.05 0.05 0.5
150 4 -0.25 0 0.05 0.35
150 5 -0.25 -0.05 0.05 0.35
150 6 -0.3 -0.05 0 0.45
150 7 -0.35 -0.1 0 0.45
151 0 -0.25 0 0.05 0.3
151 1 -0.25 0 0 0.35
151 2 -0.25 0 0 0.4
151 3 -0.25 0 0 0.45
151 4 -0.25 0.05 0 0.45
151 5 -0.25 0 0 0.3
151 6 -0.35 0 0 0.35
151 7 -0.3 0 0 0.3
152 0 -0.25 0.05 0 0.25
152 1 -0.25 0.05 0 0.25
152 2 -0.25 0.05 0 0.3
152 3 -0.25 0.05 0 0.25
152 4 -0.25 0.05 0 0.3
152 5 -0.25 0.05 0 0.25
152 6 -0.3 0.1 0 0.25
152 7 -0.35 0.05 -0.05 0.25
153 0 -0.25 0.1 0 0.25
153 1 -0.25 0.1 -0.05 0.25
153 2 -0.25 0.15 0 0.25
153 3 -0.25 0.15 0 0.25
153 4 -0.25 0.15 -0.1 0.25
153 5 -0.25 0.15 -0.05 0.25
153 6 -0.25 0.15 -0.05 0.25
153 7 -0.3 0.15 -0.05 0.3
154 0 -0.2 0.15 0 0.25
154 1 -0.2 0.15 -0.05 0.25
154 2 -0.2 0.15 -0.05 0.2
154 3 -0.2 0.15 -0.05 0.2
154 4 -0.2 0.15 -0.05 0.25
154 5 -0.2 0.2 -0.15 0.25
154 6 -0.2 0.2 -0.05 0.25
154 7 -0.2 0.2 -0.05 0.2
155 0 -0.1 0.2 -0.05 0.2
155 1 -0.15 0.2 -0.05 0.2
155 2 -0.15 0.25 -0.05 0.2
155 3 -0.15 0.25 -0.05 0.2
155 4 -0.15 0.25 -0.1 0.2
155 5 -0.15 0.25 -0.05 0.2
155 6 -0.15 0.25 -0.1 0.2
155 7 -0.15 0.3 -0.15 0.2
156 0 -0.1 0.25 -0.05 0.2
156 1 -0.1 0.25 -0.05 0.2
156 2 -0.1 0.25 -0.05 0.2
156 3 -0.1 0.25 -0.05 0.2
156 4 -0.1 0.25 -0.1 0.2
156 5 -0.25 0.25 -0.1 0.2
156 6 -0.1 0.3 -0.15 0.15
156 7 -0.1 0.35 -0.1 0.15
157 0 -0.05 0.25 -0.05 0.15
157 1 -0.05 0.25 -0.05 0.15
157 2 -0.05 0.25 -0.2 0.15
157 3 -0.05 0.25 -0.15 0.15
157 4 -0.05 0.25 -0.1 0.15
157 5 -0.05 0.25 -0.1 0.2
157 6 0 0.3 -0.1 0.15
157 7 -0.05 0.3 -0.1 0.15
158 0 0 0.25 -0.15 0.15
158 1 0 0.25 -0.15 0.15
158 2 0 0.25 -0.15 0.15
158 3 0 0.25 -0.15 0.15
158 4 0 0.25 -0.1 0.15
158 5 0.05 0.25 -0.15 0.15
158 6 0.05 0.35 -0.25 0.15
158 7 0.05 0.35 -0.25 0.15
159 0 nan nan nan nan
159 1 nan nan nan nan
159 2 nan nan nan nan
159 3 nan nan nan nan
159 4 nan nan nan nan
159 5 nan nan nan nan
159 6 nan nan nan nan
159 7 nan nan nan nan
160 0 -0.25 0 0.1 0.6
160 1 -0.25 0 0.1 0.6
160 2 -0.25 0 0.1 0.65
160 3 -0.25 0 0.1 0.65
160 4 -0.25 0 0.1 0.65
160 5 -0.25 0 0.15 0.65
160 6 -0.3 0 0.1 0.7
160 7 -0.3 0 0.1 0.55
161 0 -0.25 0.05 0.1 0.35
161 1 -0.25 0.05 0.05 0.35
161 2 -0.25 0.05 0.05 0.35
161 3 -0.25 0.05 0.05 0.35
161 4 -0.25 0.05 0.05 0.5
161 5 -0.25 0.05 0 0.5
161 6 -0.35 0.05 0 0.65
161 7 -0.3 0.05 0 0.5
162 0 -0.25 0.1 0.05 0.35
162 1 -0.25 0.1 0.1 0.4
162 2 -0.25 0.1 0.05 0.35
162 3 -0.25 0.1 0.05 0.35
162 4 -0.25 0.1 0 0.35
162 5 -0.25 0.1 0.05 0.35
162 6 -0.3 0.15 0 0.35
162 7 -0.35 0.15 0.05 0.4
163 0 -0.2 0.15 0.05 0.3
163 1 -0.2 0.15 0.05 0.3
163 2 -0.2 0.15 0.05 0.3
163 3 -0.25 0.15 0.05 0.3
163 4 -0.2 0.15 0 0.3
163 5 -0.25 0.15 0.05 0.3
163 6 -0.25 0.15 0 0.3
163 7 -0.25 0.15 0 0.3
164 0 -0.15 0.2 0.05 0.3
164 1 -0.15 0.2 0 0.3
164 2 -0.15 0.2 0.05 0.3
164 3 -0.15 0.2 -0.05 0.25
164 4 -0.2 0.25 0 0.25
164 5 -0.15 0.2 0 0.25
164 6 -0.2 0.25 -0.05 0.25
164 7 -0.2 0.2 -0.05 0.25
165 0 -0.1 0.25 0 0.25
165 1 -0.1 0.25 0 0.25
165 2 -0.1 0.25 0 0.25
165 3 -0.1 0.25 0 0.25
165 4 -0.1 0.25 0 0.25
165 5 -0.1 0.25 0 0.3
165 6 -0.1 0.25 -0.05 0.3
165 7 -0.1 0.3 -0.05 0.35
166 0 -0.05 0.25 0 0.25
166 1 -0.05 0.25 0 0.25
166 2 -0.1 0.25 0 0.25
166 3 -0.05 0.25 -0.05 0.25
166 4 -0.05 0.25 0 0.25
166 5 -0.05 0.25 -0.05 0.25
166 6 -0.05 0.3 -0.05 0.25
166 7 -0.05 0.3 -0.05 0.25
167 0 -0.05 0.25 -0.1 0.2
167 1 -0.05 0.25 -0.15 0.2
167 2 0 0.25 0 0.2
167 3 -0.05 0.25 -0.05 0.2
167 4 0 0.25 -0.1 0.2
167 5 0 0.25 -0.05 0.2
167 6 0 0.3 -0.2 0.2
167 7 0 0.35 -0.05 0.2
168 0 0.05 0.25 -0.15 0.25
168 1 0.05 0.25 -0.05 0.2
168 2 0.05 0.25 -0.05 0.2
168 3 0.05 0.25 -0.05 0.2
168 4 0.05 0.25 -0.05 0.2
168 5 0.05 0.25 -0.05 0.2
168 6 0.05 0.3 -0.3 0.25
168 7 0.05 0.35 -0.2 0.25
169 0 nan nan nan nan
169 1 nan nan nan nan
169 2 nan nan nan nan
169 3 nan nan nan nan
169 4 nan nan nan nan
169 5 nan nan nan nan
169 6 nan nan nan nan
169 7 nan nan nan nan
170 0 -0.25 0.05 0.2 0.6
170 1 -0.25 0.05 0.2 0.6
170 2 -0.25 0.15 0.2 0.55
170 3 -0.25 0.05 0.2 0.55
170 4 -0.25 0.05 0.2 0.55
170 5 -0.25 0.05 0.2 0.6
170 6 -0.35 0.05 0.2 0.65
170 7 -0.3 0.1 0.2 0.7
171 0 -0.25 0.1 0.15 0.45
171 1 -0.25 0.1 0.15 0.45
171 2 -0.25 0.1 0.15 0.45
171 3 -0.25 0.1 0.15 0.45
171 4 -0.25 0.1 0.15 0.45
171 5 -0.25 0.1 0.1 0.45
171 6 -0.3 0.1 0.1 0.45
171 7 -0.35 0.1 0.15 0.45
172 0 -0.25 0.15 0.15 0.4
172 1 -0.25 0.15 0.15 0.4
172 2 -0.25 0.15 0.15 0.4
172 3 -0.25 0.15 0.1 0.4
172 4 -0.25 0.15 0.05 0.4
172 5 -0.25 0.15 0.15 0.4
172 6 -0.3 0.15 0.15 0.65
172 7 -0.3 0.15 0.05 0.45
173 0 -0.2 0.2 0.1 0.35
173 1 -0.2 0.2 0.1 0.35
173 2 -0.2 0.2 0.1 0.35
173 3 -0.2 0.2 0.05 0.35
173 4 -0.2 0.2 0.1 0.35
173 5 -0.2 0.2 0.05 0.35
173 6 -0.2 0.2 0.1 0.35
173 7 -0.2 0.2 0.1 0.35
174 0 -0.15 0.2 0.1 0.35
174 1 -0.15 0.2 0.1 0.35
174 2 -0.15 0.2 0.05 0.35
174 3 -0.15 0.2 0.1 0.35
174 4 -0.15 0.25 0.1 0.35
174 5 -0.15 0.25 0.05 0.3
174 6 -0.2 0.25 0 0.3
174 7 -0.15 0.3 0.05 0.4
175 0 -0.1 0.25 0.05 0.3
175 1 -0.1 0.25 0.05 0.3
175 2 -0.1 0.25 0.05 0.3
175 3 -0.1 0.25 0.05 0.3
175 4 -0.1 0.25 0.05 0.3
175 5 -0.05 0.25 0.05 0.3
175 6 -0.15 0.3 0.05 0.3
175 7 -0.1 0.3 0 0.3
176 0 -0.05 0.25 0.05 0.25
176 1 -0.05 0.25 0.05 0.3
176 2 0 0.25 0.05 0.3
176 3 -0.05 0.25 0.05 0.35
176 4 -0.05 0.25 0.05 0.25
176 5 -0.05 0.25 0 0.35
176 6 -0.05 0.3 -0.05 0.3
176 7 0 0.35 -0.05 0.3
177 0 0 0.25 0.05 0.3
177 1 0 0.25 0.05 0.3
177 2 0 0.25 0 0.25
177 3 0 0.25 -0.05 0.25
177 4 0 0.25 -0.05 0.25
177 5 0 0.25 0 0.25
177 6 0 0.35 0 0.3
177 7 0.05 0.35 0 0.25
178 0 0.05 0.25 -0.05 0.25
178 1 0 0.25 -0.05 0.25
178 2 0.05 0.25 -0.05 0.25
178 3 0.05 0.25 -0.05 0.25
178 4 0.05 0.25 -0.1 0.25
178 5 0.05 0.25 -0.1 0.25
178 6 0 0.35 -0.15 0.25
178 7 0.1 0.35 -0.2 0.25
179 0 nan nan nan nan
179 1 nan nan nan nan
179 2 nan nan nan nan
179 3 nan nan nan nan
179 4 nan nan nan nan
179 5 nan nan nan nan
179 6 nan nan nan nan
179 7 nan nan nan nan
180 0 -0.25 0.1 0.25 0.65
180 1 -0.25 0.1 0.25 0.65
180 2 -0.25 0.1 0.25 0.65
180 3 -0.25 0.1 0.25 0.65
180 4 -0.25 0.1 0.25 0.65
180 5 -0.25 0.1 0.25 0.65
180 6 -0.3 0.1 0.2 0.7
180 7 -0.3 0.2 0.2 0.65
181 0 -0.2 0.15 0.2 0.6
181 1 -0.25 0.1 0.25 0.65
181 2 -0.25 0.1 0.25 0.65
181 3 -0.25 0.1 0.25 0.65
181 4 -0.25 0.15 0.2 0.65
181 5 -0.25 0.2 0.2 0.65
181 6 -0.35 0.15 0.2 0.55
181 7 -0.25 0.15 0.15 0.7
182 0 -0.2 0.15 0.2 0.45
182 1 -0.2 0.15 0.2 0.45
182 2 -0.2 0.2 0.2 0.45
182 3 -0.2 0.25 0.2 0.45
182 4 -0.2 0.2 0.2 0.5
182 5 -0.2 0.2 0.2 0.45
182 6 -0.25 0.2 0.15 0.45
182 7 -0.2 0.2 0.2 0.45
183 0 -0.15 0.2 0.15 0.4
183 1 -0.15 0.2 0.15 0.4
183 2 -0.15 0.2 0.15 0.4
183 3 -0.15 0.25 0.15 0.4
183 4 -0.15 0.25 0.1 0.4
183 5 -0.15 0.25 0.15 0.4
183 6 -0.15 0.25 0.15 0.45
183 7 -0.1 0.25 0.15 0.4
184 0 -0.1 0.25 0.1 0.35
184 1 -0.05 0.25 0.1 0.35
184 2 -0.05 0.25 0.1 0.35
184 3 -0.05 0.25 0.1 0.4
184 4 -0.1 0.25 0.15 0.4
184 5 -0.1 0.25 0.05 0.4
184 6 -0.1 0.3 0.1 0.4
184 7 -0.1 0.3 0.1 0.4
185 0 -0.05 0.25 0.1 0.35
185 1 -0.05 0.25 0.1 0.4
185 2 -0.05 0.25 0.1 0.35
185 3 -0.05 0.25 0.1 0.35
185 4 -0.05 0.25 0.1 0.35
185 5 -0.05 0.25 0.05 0.35
185 6 -0.05 0.3 0.05 0.35
185 7 -0.05 0.35 0.05 0.35
186 0 0 0.25 0.05 0.3
186 1 0 0.25 0.05 0.3
186 2 0 0.25 0.05 0.3
186 3 0 0.25 0.05 0.3
186 4 0 0.25 0.05 0.3
186 5 0.05 0.25 0.05 0.35
186 6 0.05 0.3 0.05 0.3
186 7 0.05 0.35 0.05 0.35
187 0 0.05 0.25 0.05 0.3
187 1 0.05 0.25 0.05 0.3
187 2 0.05 0.25 0.05 0.3
187 3 0.05 0.25 0 0.3
187 4 0.05 0.25 -0.05 0.3
187 5 0.05 0.25 0.05 0.3
187 6 0.05 0.35 0.05 0.3
187 7 0.05 0.35 0.05 0.35
188 0 nan nan nan nan
188 1 nan nan nan nan
188 2 nan nan nan nan
188 3 nan nan nan nan
188 4 nan nan nan nan
188 5 nan nan nan nan
188 6 nan nan nan nan
188 7 nan nan nan nan
189 0 nan nan nan nan
189 1 nan nan nan nan
189 2 nan nan nan nan
189 3 nan nan nan nan
189 4 nan nan nan nan
189 5 nan nan nan nan
189 6 nan nan nan nan
189 7 nan nan nan nan
190 0 -0.25 0.15 0.3 0.65
190 1 -0.25 0.15 0.3 0.65
190 2 -0.25 0.15 0.3 0.65
190 3 -0.25 0.15 0.3 0.65
190 4 -0.25 0.15 0.3 0.65
190 5 -0.25 0.2 0.3 0.65
190 6 -0.3 0.2 0.35 0.7
190 7 -0.3 0.2 0.35 0.75
191 0 -0.15 0.2 0.25 0.5
191 1 -0.15 0.2 0.25 0.55
191 2 -0.15 0.2 0.25 0.55
191 3 -0.15 0.2 0.25 0.55
191 4 -0.15 0.2 0.25 0.55
191 5 -0.2 0.2 0.25 0.6
191 6 -0.15 0.2 0.3 0.6
191 7 -0.15 0.25 0.3 0.75
192 0 -0.1 0.2 0.2 0.45
192 1 -0.1 0.2 0.25 0.5
192 2 -0.1 0.25 0.25 0.55
192 3 -0.1 0.25 0.25 0.5
192 4 -0.15 0.25 0.2 0.5
192 5 -0.1 0.25 0.2 0.5
192 6 -0.1 0.25 0.25 0.55
192 7 -0.1 0.25 0.25 0.6
193 0 -0.1 0.25 0.2 0.45
193 1 -0.1 0.25 0.2 0.45
193 2 -0.1 0.25 0.2 0.45
193 3 -0.1 0.25 0.2 0.45
193 4 -0.1 0.25 0.2 0.45
193 5 -0.1 0.25 0.2 0.45
193 6 -0.05 0.3 0.15 0.45
193 7 -0.05 0.3 0.2 0.5
194 0 -0.05 0.25 0.15 0.4
194 1 -0.05 0.25 0.15 0.45
194 2 -0.05 0.25 0.15 0.45
194 3 -0.05 0.25 0.15 0.4
194 4 -0.05 0.25 0.15 0.4
194 5 -0.05 0.25 0.15 0.45
194 6 -0.05 0.3 0.15 0.4
194 7 0 0.3 0.15 0.4
195 0 0 0.25 0.15 0.4
195 1 0 0.25 0.15 0.4
195 2 0 0.25 0.15 0.4
195 3 0 0.25 0.1 0.4
195 4 0 0.25 0.1 0.4
195 5 0 0.25 0.05 0.4
195 6 0 0.3 0.05 0.4
195 7 0 0.35 0.1 0.4
196 0 0.05 0.25 0.1 0.35
196 1 0 0.25 0.1 0.35
196 2 0.05 0.25 0.1 0.35
196 3 0 0.25 0.1 0.4
196 4 0.05 0.25 0.1 0.4
196 5 0.05 0.25 0.15 0.4
196 6 0.05 0.35 0.1 0.4
196 7 0.05 0.35 0.05 0.35
197 0 0.05 0.25 0.1 0.35
197 1 0.05 0.25 0.1 0.35
197 2 0.1 0.25 0.1 0.35
197 3 0.1 0.25 0.1 0.35
197 4 0.05 0.25 0.05 0.35
197 5 0.05 0.25 0 0.35
197 6 0.1 0.35 0.1 0.35
197 7 0.1 0.35 0.1 0.35
198 0 nan nan nan nan
198 1 nan nan nan nan
198 2 nan nan nan nan
198 3 nan nan nan nan
198 4 nan nan nan nan
198 5 nan nan nan nan
198 6 nan nan nan nan
198 7 nan nan nan nan
199 0 nan nan nan nan
199 1 nan nan nan nan
199 2 nan nan nan nan
199 3 nan nan nan nan
199 4 nan nan nan nan
199 5 nan nan nan nan
199 6 nan nan nan nan
199 7 nan nan nan nan
200 0 -0.25 0.25 0.35 0.65
200 1 -0.25 0.2 0.35 0.65
200 2 -0.25 0.2 0.35 0.65
200 3 -0.25 0.2 0.35 0.65
200 4 -0.25 0.2 0.35 0.65
200 5 -0.25 0.25 0.4 0.65
200 6 -0.25 0.2 0.4 0.7
200 7 -0.25 0.2 0.25 0.75
201 0 -0.1 0.2 0.3 0.55
201 1 -0.1 0.25 0.3 0.55
201 2 -0.1 0.25 0.3 0.6
201 3 -0.1 0.25 0.3 0.55
201 4 -0.1 0.25 0.3 0.6
201 5 -0.1 0.25 0.35 0.65
201 6 -0.1 0.25 0.35 0.7
201 7 -0.1 0.3 0.35 0.65
202 0 -0.05 0.25 0.25 0.5
202 1 -0.05 0.25 0.25 0.5
202 2 -0.05 0.25 0.25 0.55
202 3 -0.05 0.25 0.25 0.55
202 4 -0.05 0.25 0.25 0.55
202 5 -0.05 0.25 0.25 0.55
202 6 -0.05 0.3 0.25 0.55
202 7 -0.1 0.35 0.2 0.55
203 0 0 0.25 0.2 0.45
203 1 -0.05 0.25 0.2 0.5
203 2 -0.05 0.25 0.25 0.5
203 3 -0.05 0.25 0.25 0.55
203 4 -0.05 0.25 0.25 0.55
203 5 -0.1 0.25 0.25 0.5
203 6 -0.05 0.3 0.25 0.8
203 7 -0.05 0.35 0.2 0.55
204 0 0 0.25 0.2 0.45
204 1 0 0.25 0.2 0.45
204 2 0 0.25 0.2 0.45
204 3 0 0.25 0.2 0.45
204 4 -0.05 0.25 0.2 0.5
204 5 0 0.25 0.15 0.45
204 6 0.05 0.35 0.2 0.45
204 7 0.05 0.35 0.2 0.5
205 0 0.05 0.25 0.2 0.4
205 1 0.05 0.25 0.2 0.45
205 2 0 0.25 0.2 0.45
205 3 0.05 0.25 0.2 0.45
205 4 0.05 0.25 0.2 0.45
205 5 0.05 0.25 0.2 0.45
205 6 0.05 0.35 0.15 0.45
205 7 0.05 0.35 0.2 0.45
206 0 0.05 0.25 0.15 0.4
206 1 0.05 0.25 0.15 0.4
206 2 0.05 0.25 0.15 0.4
206 3 0.1 0.25 0.15 0.4
206 4 0 0.3 0.15 0.4
206 5 0.1 0.25 0.15 0.4
206 6 0.1 0.35 0.15 0.4
206 7 0.1 0.35 0.15 0.4
207 0 nan nan nan nan
207 1 nan nan nan nan
207 2 nan nan nan nan
207 3 nan nan nan nan
207 4 nan nan nan nan
207 5 nan nan nan nan
207 6 nan nan nan nan
207 7 nan nan nan nan
208 0 nan nan nan nan
208 1 nan nan nan nan
208 2 nan nan nan nan
208 3 nan nan nan nan
208 4 nan nan nan nan
208 5 nan nan nan nan
208 6 nan nan nan nan
208 7 nan nan nan nan
209 0 nan nan nan nan
209 1 nan nan nan nan
209 2 nan nan nan nan
209 3 nan nan nan nan
209 4 nan nan nan nan
209 5 nan nan nan nan
209 6 nan nan nan nan
209 7 nan nan nan nan
210 0 -0.15 0.25 0.4 0.65
210 1 -0.2 0.25 0.4 0.65
210 2 -0.15 0.25 0.4 0.65
210 3 -0.2 0.25 0.4 0.65
210 4 -0.2 0.25 0.4 0.65
210 5 -0.2 0.25 0.3 0.65
210 6 -0.2 0.3 0.4 0.75
210 7 -0.2 0.35 0.45 0.75
211 0 -0.05 0.25 0.35 0.6
211 1 -0.05 0.25 0.35 0.65
211 2 -0.05 0.25 0.35 0.65
211 3 -0.05 0.25 0.35 0.65
211 4 -0.05 0.25 0.35 0.65
211 5 -0.05 0.25 0.35 0.65
211 6 -0.05 0.3 0.35 0.7
211 7 -0.25 0.35 0.3 0.75
212 0 0 0.25 0.3 0.65
212 1 -0.1 0.25 0.3 0.65
212 2 -0.1 0.25 0.3 0.65
212 3 0 0.25 0.3 0.65
212 4 0 0.25 0.25 0.65
212 5 0 0.25 0.3 0.65
212 6 0 0.3 0.35 0.7
212 7 0 0.3 0.3 0.65
213 0 0 0.25 0.25 0.65
213 1 0.05 0.25 0.25 0.65
213 2 0 0.25 0.25 0.6
213 3 0 0.25 0.25 0.6
213 4 0 0.25 0.25 0.6
213 5 0 0.25 0.25 0.6
213 6 0 0.3 0.3 0.55
213 7 0 0.35 0.3 0.75
214 0 0.05 0.25 0.25 0.6
214 1 0.05 0.25 0.25 0.6
214 2 0.05 0.25 0.25 0.5
214 3 0.05 0.25 0.25 0.5
214 4 0.05 0.25 0.2 0.5
214 5 0.05 0.25 0.25 0.55
214 6 0.05 0.3 0.25 0.65
214 7 0.05 0.35 0.2 0.7
215 0 0.05 0.25 0.2 0.45
215 1 0.05 0.25 0.2 0.45
215 2 0.05 0.25 0.25 0.45
215 3 0.05 0.25 0.2 0.45
215 4 0.05 0.25 0.25 0.45
215 5 0.05 0.25 0.2 0.5
215 6 0.1 0.35 0.2 0.5
215 7 0.05 0.35 0.25 0.5
216 0 0.1 0.25 0.15 0.4
216 1 0.1 0.25 0.2 0.4
216 2 0.1 0.25 0.2 0.4
216 3 0.1 0.3 0.2 0.4
216 4 0.1 0.25 0.2 0.4
216 5 -0.1 0.05 0.4 0.6
216 6 0.15 0.35 0.15 0.45
216 7 0.1 0.35 0.2 0.45
217 0 nan nan nan nan
217 1 nan nan nan nan
217 2 nan nan nan nan
217 3 nan nan nan nan
217 4 nan nan nan nan
217 5 nan nan nan nan
217 6 nan nan nan nan
217 7 nan nan nan nan
218 0 nan nan nan nan
218 1 nan nan nan nan
218 2 nan nan nan nan
218 3 nan nan nan nan
218 4 nan nan nan nan
218 5 nan nan nan nan
218 6 nan nan nan nan
218 7 nan nan nan nan
219 0 nan nan nan nan
219 1 nan nan nan nan
219 2 nan nan nan nan
219 3 nan nan nan nan
219 4 nan nan nan nan
219 5 nan nan nan nan
219 6 nan nan nan nan
219 7 nan nan nan nan
220 0 -0.05 0.25 0.4 0.65
220 1 0 0.25 0.4 0.65
220 2 -0.05 0.25 0.4 0.65
220 3 -0.05 0.25 0.35 0.65
220 4 0.05 0.25 0.4 0.65
220 5 0.05 0.25 0.45 0.65
220 6 -0.05 0.3 0.45 0.75
220 7 0 0.35 0.4 0.75
221 0 0 0.25 0.35 0.65
221 1 0 0.25 0.35 0.65
221 2 0 0.25 0.4 0.65
221 3 0 0.25 0.35 0.65
221 4 0 0.25 0.4 0.65
221 5 0 0.25 0.35 0.65
221 6 0 0.3 0.4 0.75
221 7 0.05 0.35 0.35 0.8
222 0 0 0.25 0.3 0.65
222 1 0.05 0.25 0.35 0.65
222 2 0 0.25 0.35 0.65
222 3 0 0.25 0.35 0.65
222 4 0 0.25 0.35 0.65
222 5 0 0.25 0.35 0.65
222 6 0.05 0.35 0.35 0.75
222 7 0.05 0.35 0.35 0.75
223 0 0.05 0.25 0.3 0.65
223 1 0.05 0.25 0.3 0.65
223 2 0.05 0.25 0.3 0.65
223 3 0.05 0.25 0.35 0.65
223 4 0.05 0.25 0.35 0.65
223 5 0.05 0.25 0.35 0.65
223 6 0.05 0.35 0.35 0.7
223 7 0.1 0.35 0.35 0.75
224 0 0.05 0.25 0.3 0.6
224 1 0.1 0.25 0.3 0.6
224 2 0.05 0.25 0.3 0.6
224 3 0.05 0.25 0.3 0.6
224 4 0.05 0.25 0.3 0.55
224 5 0.1 0.25 0.35 0.55
224 6 0.1 0.35 0.3 0.65
224 7 0.1 0.35 0.3 0.6
225 0 0.1 0.25 0.25 0.45
225 1 0.1 0.25 0.25 0.45
225 2 0.1 0.25 0.25 0.5
225 3 0.1 0.25 0.25 0.45
225 4 nan nan nan nan
225 5 nan nan nan nan
225 6 0.15 0.35 0.25 0.5
225 7 0.1 0.35 0.3 0.5
