# ECalBin GEMLayer xMin xMax yMin yMax
0 0 -0.2 0.35 0.1 0.25
0 1 -0.25 0.35 0.1 0.25
0 2 -0.25 0.3 0.1 0.25
0 3 -0.25 0.3 0.1 0.25
0 4 -0.3 0.05 0.1 0.25
0 5 -0.3 0.2 0.1 0.25
0 6 -0.35 0.35 0.1 0.3
0 7 -0.35 0.35 0.1 0.35
1 0 -0.3 0.35 0.1 0.25
1 1 -0.25 0.3 0.1 0.25
1 2 -0.25 0.3 0.1 0.25
1 3 -0.8 -0.45 0.1 0.25
1 4 -0.8 -0.5 0.1 0.25
1 5 -0.75 -0.55 0.1 0.25
1 6 -0.9 -0.7 0.1 0.3
1 7 -0.95 -0.75 0.1 0.35
2 0 -0.65 -0.45 0.05 0.25
2 1 -0.7 -0.5 0.05 0.25
2 2 -0.75 -0.55 0.05 0.25
2 3 -0.8 -0.55 0.05 0.25
2 4 -0.8 -0.6 0 0.25
2 5 -0.8 -0.55 0 0.25
2 6 -0.9 -0.65 0.05 0.35
2 7 -0.9 -0.7 0.05 0.35
3 0 -0.65 -0.45 0 0.25
3 1 -0.7 -0.45 0.05 0.25
3 2 -0.75 -0.5 0.05 0.25
3 3 -0.75 -0.55 0.05 0.25
3 4 -0.8 -0.55 0 0.25
3 5 -0.8 -0.45 -0.1 0.25
3 6 -0.9 -0.6 0.05 0.35
3 7 -0.9 -0.65 0.05 0.35
4 0 -0.7 -0.5 -0.1 0.25
4 1 -0.7 -0.55 0 0.25
4 2 -0.75 -0.45 0 0.25
4 3 -0.8 -0.55 0 0.25
4 4 -0.8 -0.6 -0.1 0.25
4 5 -0.8 -0.65 0 0.25
4 6 -0.9 -0.65 0 0.25
4 7 -0.95 -0.7 -0.1 0.25
5 0 -0.7 -0.45 -0.05 0.25
5 1 -0.7 -0.5 -0.05 0.25
5 2 -0.75 -0.5 -0.05 0.25
5 3 -0.8 -0.55 -0.05 0.25
5 4 -0.8 -0.55 -0.05 0.25
5 5 -0.8 -0.6 -0.05 0.25
5 6 -0.9 -0.65 -0.05 0.3
5 7 -0.95 -0.7 -0.05 0.3
6 0 -0.65 -0.4 -0.05 0.25
6 1 -0.7 -0.45 -0.05 0.25
6 2 -0.75 -0.45 -0.05 0.25
6 3 -0.8 -0.5 -0.05 0.25
6 4 -0.8 -0.5 -0.05 0.25
6 5 -0.8 -0.55 -0.05 0.25
6 6 -0.95 -0.6 -0.05 0.3
6 7 -0.95 -0.6 -0.05 0.35
7 0 -0.65 -0.4 0 0.25
7 1 -0.7 -0.4 0 0.25
7 2 -0.75 -0.45 0 0.25
7 3 -0.75 -0.45 0 0.25
7 4 -0.8 -0.5 0 0.25
7 5 -0.8 -0.5 0 0.25
7 6 -0.85 -0.55 0 0.35
7 7 -0.9 -0.55 0 0.35
8 0 -0.65 -0.35 0 0.25
8 1 -0.7 -0.35 0 0.25
8 2 -0.7 -0.4 0 0.25
8 3 -0.75 -0.45 0 0.25
8 4 -0.75 -0.45 0.05 0.25
8 5 -0.8 -0.5 0.05 0.25
8 6 -0.85 -0.45 0.05 0.35
8 7 -0.9 -0.55 0.05 0.35
9 0 -0.65 -0.25 0.05 0.25
9 1 -0.65 -0.35 0.05 0.25
9 2 -0.7 -0.35 0.05 0.25
9 3 -0.75 -0.4 0.05 0.25
9 4 -0.75 -0.35 0 0.25
9 5 -0.8 -0.4 0.05 0.25
9 6 -0.8 -0.4 0.1 0.35
9 7 -0.9 -0.45 0.1 0.35
10 0 -0.7 -0.5 -0.2 0.2
10 1 -0.7 -0.55 -0.25 0.2
10 2 -0.75 -0.55 -0.1 0.2
10 3 -0.8 -0.6 -0.1 0.15
10 4 -0.8 -0.65 -0.25 0.2
10 5 -0.25 0.15 0.1 0.25
10 6 -0.9 -0.7 -0.3 0.2
10 7 -1 -0.7 -0.15 0.25
11 0 -0.7 -0.45 -0.15 0.2
11 1 -0.7 -0.5 -0.15 0.2
11 2 -0.8 -0.5 -0.15 0.2
11 3 -0.8 -0.55 -0.15 0.2
11 4 -0.8 -0.6 -0.15 0.2
11 5 -0.8 -0.6 -0.15 0.25
11 6 -0.9 -0.65 -0.1 0.25
11 7 -0.95 -0.7 -0.1 0.25
12 0 -0.65 -0.4 -0.1 0.25
12 1 -0.7 -0.45 -0.1 0.25
12 2 -0.75 -0.45 -0.1 0.25
12 3 -0.8 -0.55 -0.15 0.25
12 4 -0.8 -0.55 -0.1 0.25
12 5 -0.8 -0.55 -0.1 0.25
12 6 -0.9 -0.55 -0.1 0.3
12 7 -0.9 -0.6 -0.15 0.3
13 0 -0.6 -0.35 -0.05 0.25
13 1 -0.65 -0.4 -0.05 0.25
13 2 -0.7 -0.45 -0.1 0.25
13 3 -0.75 -0.45 -0.05 0.25
13 4 -0.75 -0.5 -0.05 0.25
13 5 -0.8 -0.5 -0.1 0.25
13 6 -0.85 -0.5 -0.1 0.3
13 7 -0.9 -0.55 -0.1 0.35
14 0 -0.6 -0.3 0 0.25
14 1 -0.6 -0.35 0 0.25
14 2 -0.65 -0.35 -0.05 0.25
14 3 -0.7 -0.4 0 0.25
14 4 -0.7 -0.4 -0.05 0.25
14 5 -0.75 -0.4 -0.05 0.25
14 6 -0.8 -0.45 -0.05 0.3
14 7 -0.8 -0.5 0 0.3
15 0 -0.55 -0.25 0 0.25
15 1 -0.55 -0.3 0 0.25
15 2 -0.6 -0.35 0 0.25
15 3 -0.65 -0.35 0 0.25
15 4 -0.7 -0.35 0 0.25
15 5 -0.8 -0.4 0 0.25
15 6 -0.75 -0.4 0 0.35
15 7 -0.8 -0.4 0 0.35
16 0 -0.5 -0.2 0.05 0.25
16 1 -0.55 -0.25 0.05 0.25
16 2 -0.55 -0.3 0.05 0.25
16 3 -0.6 -0.3 0.05 0.25
16 4 -0.65 -0.1 0.05 0.25
16 5 -0.65 -0.35 0.05 0.25
16 6 -0.7 -0.35 0.1 0.35
16 7 -0.7 -0.35 0.05 0.35
17 0 -0.7 -0.45 -0.25 0.15
17 1 -0.7 -0.45 -0.25 0.15
17 2 -0.75 -0.5 -0.25 0.15
17 3 -0.8 -0.55 -0.25 0.15
17 4 -0.8 -0.55 -0.25 0.15
17 5 -0.8 -0.6 -0.25 0.15
17 6 -0.9 -0.65 -0.35 0.15
17 7 -0.95 -0.65 -0.3 0.15
18 0 -0.65 -0.4 -0.2 0.15
18 1 -0.7 -0.4 -0.2 0.15
18 2 -0.75 -0.45 -0.2 0.15
18 3 -0.8 -0.5 -0.2 0.15
18 4 -0.8 -0.5 -0.2 0.2
18 5 -0.8 -0.55 -0.2 0.2
18 6 -0.95 -0.55 -0.25 0.15
18 7 -0.95 -0.6 -0.25 0.2
19 0 -0.6 -0.35 -0.15 0.2
19 1 -0.7 -0.4 -0.15 0.2
19 2 -0.7 -0.4 -0.2 0.2
19 3 -0.75 -0.4 -0.2 0.2
19 4 -0.8 -0.45 -0.15 0.25
19 5 -0.8 -0.5 -0.15 0.2
19 6 -0.85 -0.5 -0.2 0.25
19 7 -0.9 -0.5 -0.2 0.25
20 0 -0.6 -0.35 -0.1 0.2
20 1 -0.6 -0.35 -0.1 0.25
20 2 -0.65 -0.35 -0.1 0.25
20 3 -0.7 -0.4 -0.1 0.25
20 4 -0.7 -0.45 -0.1 0.25
20 5 -0.75 -0.4 -0.1 0.25
20 6 -0.8 -0.4 -0.1 0.3
20 7 -0.8 -0.45 -0.1 0.3
21 0 -0.55 -0.3 -0.05 0.25
21 1 -0.55 -0.3 -0.05 0.25
21 2 -0.65 -0.35 -0.05 0.25
21 3 -0.6 -0.35 -0.05 0.25
21 4 -0.65 -0.4 -0.05 0.25
21 5 -0.7 -0.4 -0.05 0.25
21 6 -0.7 -0.4 -0.05 0.3
21 7 -0.8 -0.4 -0.05 0.3
22 0 -0.5 -0.25 -0.05 0.25
22 1 -0.5 -0.25 0 0.25
22 2 -0.55 -0.3 0 0.25
22 3 -0.6 -0.3 0 0.25
22 4 -0.6 -0.3 -0.05 0.25
22 5 -0.65 -0.35 0 0.25
22 6 -0.65 -0.4 0 0.3
22 7 -0.7 -0.35 0 0.35
23 0 -0.45 -0.2 0 0.25
23 1 -0.5 -0.2 0 0.25
23 2 -0.5 -0.25 0.05 0.25
23 3 -0.55 -0.3 0.05 0.25
23 4 -0.6 -0.3 0.05 0.25
23 5 -0.6 -0.35 0.05 0.25
23 6 -0.65 -0.3 0.05 0.35
23 7 -0.65 -0.35 0.05 0.35
24 0 -0.7 -0.45 -0.25 0.05
24 1 -0.7 -0.45 -0.25 0.05
24 2 -0.75 -0.5 -0.25 0.05
24 3 -0.8 -0.55 -0.25 0.05
24 4 -0.8 -0.55 -0.25 0.05
24 5 -0.8 -0.6 -0.25 0.05
24 6 -0.9 -0.6 -0.3 0.1
24 7 -0.95 -0.65 -0.3 0.05
25 0 -0.65 -0.4 -0.25 0.1
25 1 -0.7 -0.4 -0.25 0.1
25 2 -0.75 -0.4 -0.25 0.1
25 3 -0.8 -0.45 -0.25 0.1
25 4 -0.8 -0.45 -0.25 0.1
25 5 -0.8 -0.5 -0.25 0.15
25 6 -0.85 -0.55 -0.3 0.15
25 7 -0.95 -0.55 -0.35 0.2
26 0 -0.6 -0.35 -0.25 0.15
26 1 -0.65 -0.35 -0.25 0.15
26 2 -0.65 -0.4 -0.2 0.15
26 3 -0.75 -0.4 -0.25 0.15
26 4 -0.75 -0.45 -0.25 0.15
26 5 -0.8 -0.4 -0.25 0.2
26 6 -0.85 -0.45 -0.25 0.15
26 7 -0.85 -0.55 -0.25 0.15
27 0 -0.55 -0.3 -0.15 0.2
27 1 -0.6 -0.3 -0.15 0.2
27 2 -0.6 -0.3 -0.15 0.2
27 3 -0.65 -0.35 -0.15 0.25
27 4 -0.7 -0.4 -0.15 0.2
27 5 -0.7 -0.4 -0.2 0.2
27 6 -0.75 -0.4 -0.2 0.25
27 7 -0.8 -0.45 -0.2 0.2
28 0 -0.5 -0.25 -0.1 0.25
28 1 -0.55 -0.3 -0.15 0.2
28 2 -0.55 -0.3 -0.1 0.25
28 3 -0.6 -0.3 -0.15 0.25
28 4 -0.65 -0.35 -0.1 0.25
28 5 -0.65 -0.35 -0.15 0.25
28 6 -0.65 -0.35 -0.1 0.25
28 7 -0.75 -0.4 -0.15 0.25
29 0 -0.45 -0.2 -0.05 0.25
29 1 -0.5 -0.25 -0.1 0.25
29 2 -0.5 -0.25 -0.05 0.25
29 3 -0.55 -0.25 -0.05 0.25
29 4 -0.55 -0.3 -0.05 0.25
29 5 -0.6 -0.3 -0.05 0.25
29 6 -0.6 -0.3 -0.1 0.35
29 7 -0.65 -0.35 -0.05 0.35
30 0 -0.45 -0.2 -0.05 0.25
30 1 -0.45 -0.2 -0.05 0.25
30 2 -0.5 -0.2 -0.05 0.25
30 3 -0.5 -0.25 -0.05 0.25
30 4 -0.55 -0.25 0 0.25
30 5 -0.55 -0.3 0 0.25
30 6 -0.6 -0.3 0 0.3
30 7 -0.6 -0.3 0 0.35
31 0 -0.4 -0.15 0 0.25
31 1 -0.45 -0.15 0 0.25
31 2 -0.45 -0.2 0 0.25
31 3 -0.5 -0.2 0 0.25
31 4 -0.5 -0.25 0 0.25
31 5 -0.6 -0.25 0.05 0.25
31 6 -0.55 -0.25 0.05 0.35
31 7 -0.6 -0.3 0.05 0.35
32 0 -0.65 -0.35 -0.25 0
32 1 -0.7 -0.4 -0.25 0.05
32 2 -0.75 -0.4 -0.25 0.05
32 3 -0.8 -0.45 -0.25 0
32 4 -0.8 -0.5 -0.25 0
32 5 -0.8 -0.5 -0.25 0
32 6 -0.9 -0.5 -0.3 0
32 7 -0.95 -0.55 -0.35 0.05
33 0 -0.55 -0.3 -0.25 0.1
33 1 -0.6 -0.35 -0.25 0.1
33 2 -0.65 -0.4 -0.25 0.05
33 3 -0.7 -0.4 -0.25 0.1
33 4 -0.75 -0.4 -0.25 0.1
33 5 -0.75 -0.45 -0.25 0.1
33 6 -0.85 -0.45 -0.3 0.1
33 7 -0.9 -0.5 -0.3 0.1
34 0 -0.5 -0.25 -0.2 0.15
34 1 -0.55 -0.25 -0.25 0.15
34 2 -0.6 -0.3 -0.25 0.1
34 3 -0.6 -0.3 -0.25 0.15
34 4 -0.7 -0.35 -0.25 0.15
34 5 -0.7 -0.35 -0.25 0.15
34 6 -0.8 -0.4 -0.25 0.15
34 7 -0.75 -0.4 -0.25 0.15
35 0 -0.5 -0.25 -0.2 0.15
35 1 -0.5 -0.25 -0.2 0.2
35 2 -0.55 -0.3 -0.2 0.2
35 3 -0.55 -0.3 -0.2 0.2
35 4 -0.6 -0.3 -0.2 0.2
35 5 -0.65 -0.35 -0.2 0.2
35 6 -0.7 -0.4 -0.2 0.2
35 7 -0.7 -0.35 -0.3 0.2
36 0 -0.45 -0.2 -0.15 0.2
36 1 -0.45 -0.2 -0.1 0.25
36 2 -0.5 -0.2 -0.15 0.25
36 3 -0.55 -0.25 -0.1 0.25
36 4 -0.6 -0.3 -0.15 0.25
36 5 -0.6 -0.25 -0.1 0.25
36 6 -0.65 -0.25 -0.15 0.25
36 7 -0.65 -0.35 -0.15 0.3
37 0 -0.4 -0.15 -0.1 0.25
37 1 -0.45 -0.2 -0.1 0.25
37 2 -0.45 -0.2 -0.1 0.25
37 3 -0.5 -0.25 -0.1 0.25
37 4 -0.5 -0.25 -0.05 0.25
37 5 -0.55 -0.25 -0.1 0.25
37 6 -0.55 -0.3 -0.05 0.3
37 7 -0.6 -0.25 -0.05 0.3
38 0 -0.4 -0.1 0 0.25
38 1 -0.4 -0.15 -0.05 0.25
38 2 -0.45 -0.15 0 0.25
38 3 -0.45 -0.2 -0.05 0.25
38 4 -0.45 -0.2 0 0.25
38 5 -0.5 -0.2 0 0.25
38 6 -0.55 -0.25 0 0.35
38 7 -0.55 -0.25 0 0.35
39 0 -0.4 -0.1 0 0.25
39 1 -0.4 -0.15 0 0.25
39 2 -0.4 -0.15 0 0.25
39 3 -0.45 -0.15 0 0.25
39 4 -0.45 -0.2 0 0.25
39 5 -0.5 -0.2 0 0.25
39 6 -0.55 -0.2 0.05 0.3
39 7 -0.55 -0.25 0.05 0.35
40 0 -0.65 -0.3 -0.25 0
40 1 -0.7 -0.3 -0.25 0
40 2 -0.75 -0.35 -0.25 0
40 3 -0.75 -0.35 -0.25 0
40 4 -0.8 -0.35 -0.25 -0.05
40 5 -0.8 -0.4 -0.25 0
40 6 -0.9 -0.45 -0.3 -0.05
40 7 -0.95 -0.5 -0.35 -0.05
41 0 -0.55 -0.25 -0.25 0.05
41 1 -0.55 -0.25 -0.25 0.05
41 2 -0.6 -0.3 -0.25 0.05
41 3 -0.6 -0.3 -0.25 0.05
41 4 -0.65 -0.35 -0.25 0.05
41 5 -0.65 -0.35 -0.25 0.05
41 6 -0.7 -0.4 -0.3 0.05
41 7 -0.75 -0.4 -0.3 0.05
42 0 -0.45 -0.2 -0.25 0.1
42 1 -0.5 -0.25 -0.25 0.1
42 2 -0.55 -0.25 -0.25 0.1
42 3 -0.55 -0.25 -0.25 0.1
42 4 -0.6 -0.3 -0.25 0.1
42 5 -0.6 -0.3 -0.25 0.1
42 6 -0.7 -0.35 -0.3 0.1
42 7 -0.75 -0.35 -0.3 0.15
43 0 -0.45 -0.2 -0.2 0.15
43 1 -0.45 -0.2 -0.2 0.15
43 2 -0.5 -0.25 -0.25 0.15
43 3 -0.5 -0.25 -0.25 0.15
43 4 -0.55 -0.25 -0.25 0.15
43 5 -0.55 -0.25 -0.25 0.15
43 6 -0.65 -0.3 -0.25 0.15
43 7 -0.65 -0.3 -0.25 0.15
44 0 -0.4 -0.15 -0.15 0.2
44 1 -0.4 -0.15 -0.15 0.2
44 2 -0.45 -0.2 -0.15 0.2
44 3 -0.45 -0.2 -0.15 0.2
44 4 -0.5 -0.2 -0.15 0.2
44 5 -0.5 -0.2 -0.15 0.2
44 6 -0.55 -0.25 -0.15 0.2
44 7 -0.6 -0.25 -0.15 0.25
45 0 -0.35 -0.1 -0.1 0.25
45 1 -0.4 -0.15 -0.1 0.25
45 2 -0.4 -0.15 -0.1 0.25
45 3 -0.45 -0.15 -0.1 0.25
45 4 -0.5 -0.2 -0.1 0.25
45 5 -0.5 -0.2 -0.1 0.25
45 6 -0.55 -0.25 -0.1 0.3
45 7 -0.55 -0.25 -0.1 0.3
46 0 -0.35 -0.1 -0.05 0.25
46 1 -0.35 -0.1 -0.05 0.25
46 2 -0.4 -0.15 -0.05 0.25
46 3 -0.4 -0.15 -0.05 0.25
46 4 -0.45 -0.15 -0.05 0.25
46 5 -0.45 -0.2 -0.05 0.25
46 6 -0.5 -0.2 -0.05 0.3
46 7 -0.55 -0.2 -0.05 0.35
47 0 -0.35 0 0 0.25
47 1 -0.35 -0.1 0 0.25
47 2 -0.4 0 0 0.25
47 3 -0.45 -0.1 0 0.25
47 4 -0.4 -0.15 0 0.25
47 5 -0.45 -0.15 0 0.25
47 6 -0.45 -0.15 0 0.3
47 7 -0.5 -0.1 0 0.35
48 0 -0.35 0 0.05 0.25
48 1 -0.35 -0.05 0.05 0.25
48 2 -0.4 -0.05 0.05 0.25
48 3 -0.4 -0.1 0.05 0.25
48 4 -0.4 -0.1 0.05 0.25
48 5 -0.45 -0.1 0.05 0.25
48 6 -0.5 -0.05 0.05 0.3
48 7 -0.5 -0.05 0.05 0.35
49 0 -0.6 -0.2 -0.25 -0.05
49 1 -0.55 -0.25 -0.25 -0.05
49 2 -0.6 -0.25 -0.25 -0.05
49 3 -0.65 -0.3 -0.25 -0.05
49 4 -0.65 -0.3 -0.25 -0.05
49 5 -0.65 -0.35 -0.25 -0.05
49 6 -0.85 -0.35 -0.3 -0.05
49 7 -0.85 -0.4 -0.35 -0.05
50 0 -0.45 -0.2 -0.25 0
50 1 -0.5 -0.2 -0.25 0
50 2 -0.5 -0.25 -0.25 0
50 3 -0.55 -0.25 -0.25 0
50 4 -0.6 -0.25 -0.25 0
50 5 -0.6 -0.25 -0.25 0
50 6 -0.65 -0.3 -0.3 0
50 7 -0.65 -0.3 -0.3 0
51 0 -0.4 -0.15 -0.25 0.05
51 1 -0.45 -0.2 -0.25 0.05
51 2 -0.5 -0.2 -0.25 0.1
51 3 -0.5 -0.2 -0.25 0.05
51 4 -0.55 -0.25 -0.25 0.1
51 5 -0.55 -0.25 -0.25 0.05
51 6 -0.6 -0.3 -0.3 0.1
51 7 -0.6 -0.25 -0.35 0.1
52 0 -0.35 -0.1 -0.25 0.1
52 1 -0.4 -0.15 -0.25 0.15
52 2 -0.4 -0.15 -0.25 0.15
52 3 -0.5 -0.15 -0.25 0.15
52 4 -0.45 -0.15 -0.25 0.15
52 5 -0.5 -0.2 -0.25 0.15
52 6 -0.55 -0.2 -0.3 0.15
52 7 -0.6 -0.25 -0.3 0.15
53 0 -0.35 -0.1 -0.2 0.15
53 1 -0.35 -0.1 -0.2 0.2
53 2 -0.4 -0.15 -0.2 0.2
53 3 -0.4 -0.15 -0.2 0.2
53 4 -0.45 -0.15 -0.2 0.2
53 5 -0.45 -0.2 -0.2 0.2
53 6 -0.5 -0.2 -0.2 0.2
53 7 -0.5 -0.2 -0.2 0.2
54 0 -0.3 -0.05 -0.1 0.2
54 1 -0.35 -0.1 -0.15 0.25
54 2 -0.35 -0.1 -0.15 0.25
54 3 -0.4 -0.15 -0.15 0.25
54 4 -0.4 -0.15 -0.15 0.25
54 5 -0.45 -0.15 -0.1 0.25
54 6 -0.45 -0.15 -0.15 0.25
54 7 -0.5 -0.2 -0.1 0.25
55 0 -0.3 -0.05 -0.05 0.25
55 1 -0.3 -0.05 -0.05 0.25
55 2 -0.35 -0.1 -0.05 0.25
55 3 -0.35 -0.1 -0.05 0.25
55 4 -0.4 -0.1 -0.05 0.25
55 5 -0.4 -0.1 -0.1 0.25
55 6 -0.45 -0.15 -0.05 0.3
55 7 -0.5 -0.15 -0.05 0.35
56 0 -0.3 0.05 0 0.25
56 1 -0.3 -0.05 -0.05 0.25
56 2 -0.3 0 0 0.25
56 3 -0.35 -0.05 0 0.25
56 4 -0.35 -0.05 0 0.25
56 5 -0.35 -0.1 0 0.25
56 6 -0.4 -0.1 -0.05 0.3
56 7 -0.45 -0.15 0 0.3
57 0 -0.3 0.05 0 0.25
57 1 -0.3 0.1 0 0.25
57 2 -0.3 0 0 0.25
57 3 -0.3 0 0.05 0.25
57 4 -0.35 0 0.05 0.25
57 5 -0.35 -0.05 0.05 0.25
57 6 -0.45 0.05 0.05 0.3
57 7 -0.45 0 0.05 0.35
58 0 -0.4 -0.15 -0.25 -0.05
58 1 -0.45 -0.15 -0.25 -0.1
58 2 -0.5 -0.1 -0.25 -0.05
58 3 -0.5 -0.2 -0.25 -0.05
58 4 -0.55 -0.2 -0.3 -0.1
58 5 -0.55 -0.1 -0.25 -0.1
58 6 -0.6 -0.25 -0.3 -0.1
58 7 -0.6 -0.3 -0.35 -0.1
59 0 -0.4 -0.1 -0.25 0
59 1 -0.4 -0.15 -0.25 0
59 2 -0.45 -0.15 -0.25 0
59 3 -0.45 -0.15 -0.25 -0.05
59 4 -0.5 -0.2 -0.25 -0.05
59 5 -0.5 -0.2 -0.25 -0.05
59 6 -0.55 -0.2 -0.3 -0.05
59 7 -0.6 -0.25 -0.35 0
60 0 -0.35 -0.1 -0.25 0.05
60 1 -0.35 -0.1 -0.25 0.05
60 2 -0.4 -0.1 -0.25 0.05
60 3 -0.45 -0.15 -0.25 0.05
60 4 -0.45 -0.1 -0.25 0.05
60 5 -0.5 -0.15 -0.25 0.05
60 6 -0.5 -0.15 -0.3 0.05
60 7 -0.6 -0.2 -0.3 0.05
61 0 -0.3 -0.05 -0.25 0.1
61 1 -0.35 -0.05 -0.25 0.1
61 2 -0.35 -0.1 -0.25 0.1
61 3 -0.4 -0.1 -0.25 0.1
61 4 -0.4 -0.1 -0.25 0.1
61 5 -0.45 -0.15 -0.25 0.1
61 6 -0.45 -0.15 -0.3 0.15
61 7 -0.5 -0.1 -0.3 0.1
62 0 -0.3 -0.05 -0.2 0.15
62 1 -0.3 -0.05 -0.2 0.15
62 2 -0.35 -0.05 -0.2 0.15
62 3 -0.35 -0.1 -0.2 0.15
62 4 -0.4 -0.1 -0.2 0.15
62 5 -0.45 -0.1 -0.2 0.2
62 6 -0.45 -0.15 -0.25 0.2
62 7 -0.45 -0.15 -0.25 0.15
63 0 -0.25 0 -0.15 0.2
63 1 -0.3 -0.05 -0.15 0.2
63 2 -0.3 -0.05 -0.15 0.2
63 3 -0.3 -0.05 -0.15 0.25
63 4 -0.35 -0.1 -0.15 0.2
63 5 -0.4 -0.05 -0.2 0.25
63 6 -0.4 -0.1 -0.15 0.25
63 7 -0.4 -0.1 -0.15 0.25
64 0 -0.25 0 -0.1 0.25
64 1 -0.25 0 -0.1 0.25
64 2 -0.3 -0.05 -0.1 0.25
64 3 -0.3 -0.05 -0.1 0.25
64 4 -0.3 0 -0.1 0.25
64 5 -0.35 -0.1 -0.1 0.25
64 6 -0.4 -0.1 -0.1 0.3
64 7 -0.4 -0.05 -0.1 0.3
65 0 -0.2 0 -0.05 0.25
65 1 -0.25 0 -0.05 0.25
65 2 -0.25 0 -0.05 0.25
65 3 -0.3 -0.05 -0.05 0.25
65 4 -0.3 0 -0.05 0.25
65 5 -0.3 -0.05 -0.05 0.25
65 6 -0.4 -0.05 -0.05 0.35
65 7 -0.4 -0.1 -0.05 0.35
66 0 -0.2 0.1 0 0.25
66 1 -0.25 0.05 0 0.25
66 2 -0.25 0 0 0.25
66 3 -0.3 0 0 0.25
66 4 -0.3 0 0 0.25
66 5 -0.3 -0.05 0.05 0.25
66 6 -0.35 0.05 0.05 0.3
66 7 -0.4 -0.05 0.05 0.35
67 0 -0.3 -0.05 -0.25 -0.05
67 1 -0.35 -0.05 -0.25 -0.1
67 2 -0.35 -0.05 -0.25 -0.1
67 3 -0.45 -0.1 -0.25 -0.1
67 4 -0.45 -0.1 -0.25 -0.1
67 5 -0.25 0.25 0.1 0.25
67 6 -0.45 -0.15 -0.3 -0.1
67 7 -0.5 -0.15 -0.35 -0.15
68 0 -0.3 -0.05 -0.25 -0.05
68 1 -0.3 -0.05 -0.25 -0.05
68 2 -0.35 0 -0.25 -0.05
68 3 -0.35 0 -0.25 -0.05
68 4 -0.4 -0.05 -0.25 -0.05
68 5 -0.45 -0.1 -0.25 -0.05
68 6 -0.45 -0.15 -0.35 -0.05
68 7 -0.5 -0.1 -0.35 -0.05
69 0 -0.25 0 -0.25 0.05
69 1 -0.3 -0.05 -0.25 0.05
69 2 -0.3 -0.05 -0.25 0.05
69 3 -0.35 -0.05 -0.25 0.05
69 4 -0.35 -0.05 -0.25 0.05
69 5 -0.4 -0.1 -0.25 0.05
69 6 -0.4 -0.1 -0.35 0.05
69 7 -0.45 -0.15 -0.3 0.05
70 0 -0.25 0 -0.25 0.1
70 1 -0.25 0 -0.25 0.1
70 2 -0.3 -0.05 -0.25 0.1
70 3 -0.3 0 -0.25 0.1
70 4 -0.35 0 -0.25 0.1
70 5 -0.4 -0.05 -0.25 0.1
70 6 -0.4 -0.05 -0.3 0.1
70 7 -0.4 -0.05 -0.3 0.1
71 0 -0.25 0 -0.2 0.15
71 1 -0.25 0 -0.25 0.15
71 2 -0.25 0 -0.2 0.15
71 3 -0.3 0 -0.25 0.15
71 4 -0.3 -0.05 -0.25 0.15
71 5 -0.35 -0.05 -0.25 0.15
71 6 -0.4 -0.05 -0.25 0.15
71 7 -0.4 -0.05 -0.3 0.15
72 0 -0.2 0 -0.15 0.2
72 1 -0.25 0 -0.15 0.2
72 2 -0.25 0 -0.15 0.2
72 3 -0.25 0 -0.15 0.2
72 4 -0.3 0 -0.15 0.25
72 5 -0.3 0 -0.15 0.25
72 6 -0.3 -0.05 -0.15 0.3
72 7 -0.4 -0.05 -0.2 0.2
73 0 -0.2 0.05 -0.1 0.25
73 1 -0.2 0.05 -0.1 0.25
73 2 -0.25 0 -0.1 0.25
73 3 -0.25 0 -0.1 0.25
73 4 -0.25 0 -0.1 0.25
73 5 -0.3 0.05 -0.1 0.25
73 6 -0.3 0.05 -0.1 0.3
73 7 -0.3 -0.05 -0.1 0.3
74 0 -0.2 0.05 -0.05 0.25
74 1 -0.2 0.05 -0.05 0.25
74 2 -0.25 0.1 -0.05 0.25
74 3 -0.25 0 -0.05 0.25
74 4 -0.25 0.05 -0.05 0.25
74 5 -0.3 0.05 -0.05 0.25
74 6 -0.3 0 -0.05 0.35
74 7 -0.35 0 -0.05 0.35
75 0 -0.2 0.15 0 0.25
75 1 -0.2 0.1 0 0.25
75 2 -0.2 0.1 0 0.25
75 3 -0.25 0.1 0 0.25
75 4 -0.25 0.05 0 0.25
75 5 -0.3 0 0 0.25
75 6 -0.3 0.1 0 0.35
75 7 -0.3 0.1 0 0.35
76 0 -0.25 0.05 -0.25 -0.05
76 1 -0.3 0.1 -0.25 -0.05
76 2 -0.35 0.05 -0.25 -0.1
76 3 -0.35 -0.05 -0.25 -0.1
76 4 -0.4 -0.05 -0.25 -0.1
76 5 0.55 0.8 -0.25 0.05
76 6 -0.4 -0.05 -0.3 -0.1
76 7 -0.45 -0.05 -0.35 -0.1
77 0 -0.2 0.05 -0.25 -0.05
77 1 -0.25 0.05 -0.25 -0.05
77 2 -0.25 0 -0.25 -0.05
77 3 -0.3 0 -0.25 -0.05
77 4 -0.3 0 -0.25 -0.05
77 5 -0.35 0 -0.25 -0.05
77 6 -0.35 -0.05 -0.3 -0.05
77 7 -0.35 -0.05 -0.35 -0.05
78 0 -0.2 0.05 -0.25 0
78 1 -0.2 0.05 -0.25 0
78 2 -0.25 0.05 -0.25 0
78 3 -0.3 0 -0.25 0
78 4 -0.3 0 -0.25 0
78 5 -0.3 0 -0.25 0
78 6 -0.35 0 -0.35 0
78 7 -0.4 -0.05 -0.35 0.05
79 0 -0.2 0.05 -0.25 0.1
79 1 -0.2 0.05 -0.25 0.1
79 2 -0.2 0.05 -0.25 0.1
79 3 -0.25 0 -0.25 0.1
79 4 -0.25 0 -0.25 0.1
79 5 -0.3 0.1 -0.25 0.1
79 6 -0.35 0 -0.35 0.1
79 7 -0.35 0 -0.3 0.1
80 0 -0.15 0.05 -0.25 0.15
80 1 -0.2 0.05 -0.25 0.15
80 2 -0.2 0.05 -0.25 0.15
80 3 -0.25 0.05 -0.25 0.15
80 4 -0.25 0.05 -0.25 0.15
80 5 -0.25 0 -0.25 0.15
80 6 -0.25 0 -0.25 0.15
80 7 -0.3 0 -0.25 0.15
81 0 -0.15 0.1 -0.15 0.2
81 1 -0.2 0.05 -0.15 0.25
81 2 -0.2 0.05 -0.15 0.2
81 3 -0.2 0.05 -0.15 0.2
81 4 -0.25 0.05 -0.15 0.25
81 5 -0.25 0 -0.15 0.2
81 6 -0.25 0.05 -0.15 0.2
81 7 -0.3 0.05 -0.2 0.25
82 0 -0.15 0.1 -0.15 0.25
82 1 -0.15 0.1 -0.1 0.25
82 2 -0.2 0.1 -0.1 0.25
82 3 -0.2 0.05 -0.1 0.25
82 4 -0.2 0.05 -0.1 0.25
82 5 -0.25 0.05 -0.1 0.25
82 6 -0.25 0 -0.1 0.3
82 7 -0.25 0 -0.1 0.35
83 0 -0.15 0.1 -0.05 0.25
83 1 -0.15 0.1 -0.05 0.25
83 2 -0.2 0.1 -0.05 0.25
83 3 -0.2 0.05 -0.05 0.25
83 4 -0.2 0.05 -0.05 0.25
83 5 -0.25 0.05 -0.05 0.25
83 6 -0.25 0.05 -0.05 0.35
83 7 -0.25 0.05 -0.05 0.35
84 0 -0.2 0.15 0 0.25
84 1 -0.15 0.15 0 0.25
84 2 -0.2 0.15 0 0.25
84 3 -0.2 0.15 0 0.25
84 4 -0.2 0.1 0 0.25
84 5 -0.25 0.1 0 0.25
84 6 -0.25 0.15 0 0.3
84 7 -0.25 0.05 0 0.35
85 0 -0.15 0.15 -0.25 -0.1
85 1 -0.3 0.3 0.05 0.25
85 2 0 0.3 0.05 0.25
85 3 -0.25 0 -0.25 0
85 4 0 0.25 0.05 0.25
85 5 0.6 0.8 -0.25 0
85 6 -0.25 0.1 -0.35 -0.15
85 7 -0.25 0.05 -0.35 -0.15
86 0 -0.15 0.1 -0.25 -0.05
86 1 -0.15 0.1 -0.25 -0.05
86 2 -0.2 0.1 -0.25 -0.05
86 3 -0.2 0.1 -0.25 -0.05
86 4 -0.2 0.05 -0.25 -0.05
86 5 -0.2 0.05 -0.25 -0.05
86 6 -0.25 0.05 -0.3 -0.05
86 7 -0.25 0.05 -0.35 -0.1
87 0 -0.1 0.15 -0.25 0
87 1 -0.15 0.1 -0.25 0
87 2 -0.15 0.1 -0.25 0
87 3 -0.2 0.1 -0.25 0.05
87 4 -0.2 0.1 -0.25 0
87 5 -0.25 0.05 -0.25 0
87 6 -0.25 0.1 -0.3 0.05
87 7 -0.25 0.1 -0.3 0.05
88 0 -0.1 0.15 -0.25 0.1
88 1 -0.15 0.15 -0.25 0.1
88 2 -0.15 0.1 -0.25 0.1
88 3 -0.15 0.1 -0.25 0.1
88 4 -0.2 0.15 -0.25 0.1
88 5 -0.2 0.1 -0.25 0.1
88 6 -0.25 0.05 -0.3 0.1
88 7 -0.25 0.1 -0.3 0.1
89 0 -0.1 0.15 -0.25 0.15
89 1 -0.1 0.15 -0.25 0.15
89 2 -0.15 0.1 -0.25 0.15
89 3 -0.2 0.1 -0.25 0.15
89 4 -0.15 0.1 -0.25 0.15
89 5 -0.2 0.1 -0.25 0.2
89 6 -0.2 0.1 -0.25 0.15
89 7 -0.2 0.05 -0.25 0.15
90 0 -0.1 0.15 -0.15 0.2
90 1 -0.1 0.15 -0.15 0.25
90 2 -0.15 0.1 -0.15 0.2
90 3 -0.15 0.15 -0.2 0.2
90 4 -0.2 0.15 -0.15 0.2
90 5 -0.2 0.15 -0.15 0.25
90 6 -0.2 0.1 -0.2 0.2
90 7 -0.25 0.05 -0.2 0.35
91 0 -0.1 0.15 -0.1 0.25
91 1 -0.1 0.15 -0.1 0.25
91 2 -0.15 0.15 -0.1 0.25
91 3 -0.15 0.1 -0.1 0.25
91 4 -0.15 0.1 -0.1 0.25
91 5 -0.15 0.1 -0.15 0.25
91 6 -0.2 0.1 -0.15 0.3
91 7 -0.2 0.05 -0.1 0.3
92 0 -0.1 0.15 -0.05 0.25
92 1 -0.1 0.15 -0.05 0.25
92 2 -0.1 0.1 -0.05 0.25
92 3 -0.15 0.15 -0.05 0.25
92 4 -0.15 0.1 -0.05 0.25
92 5 -0.15 0.15 -0.05 0.25
92 6 -0.2 0.1 -0.1 0.3
92 7 -0.2 0.1 -0.05 0.3
93 0 -0.1 0.2 0 0.25
93 1 -0.1 0.15 0 0.25
93 2 -0.15 0.2 0 0.25
93 3 -0.15 0.15 0 0.25
93 4 -0.15 0.15 0 0.25
93 5 -0.15 0.1 0 0.25
93 6 -0.25 0.2 0 0.3
93 7 -0.25 0.2 0 0.35
94 0 -0.05 0.25 -0.25 -0.05
94 1 -0.05 0.25 -0.25 -0.05
94 2 -0.1 0.2 -0.25 -0.1
94 3 -0.35 0.2 0.1 0.25
94 4 -0.1 0.15 0.1 0.25
94 5 -0.1 0.15 0.1 0.25
94 6 -0.15 0.15 -0.3 -0.05
94 7 -0.15 0.15 -0.35 -0.1
95 0 -0.05 0.2 -0.25 -0.05
95 1 -0.05 0.2 -0.25 -0.05
95 2 -0.1 0.2 -0.25 -0.05
95 3 -0.1 0.15 -0.25 -0.05
95 4 -0.1 0.15 -0.25 -0.05
95 5 -0.1 0.15 -0.25 -0.05
95 6 -0.15 0.15 -0.3 -0.05
95 7 -0.2 0.15 -0.35 0
96 0 -0.05 0.2 -0.25 0
96 1 -0.05 0.2 -0.25 0
96 2 -0.1 0.2 -0.25 0
96 3 -0.1 0.2 -0.25 0
96 4 -0.1 0.2 -0.25 0
96 5 -0.15 0.2 -0.25 0
96 6 -0.15 0.15 -0.35 0
96 7 -0.15 0.2 -0.3 0.05
97 0 -0.05 0.2 -0.25 0.1
97 1 -0.05 0.2 -0.25 0.1
97 2 -0.1 0.2 -0.25 0.1
97 3 -0.1 0.2 -0.25 0.1
97 4 -0.1 0.15 -0.25 0.1
97 5 -0.15 0.15 -0.25 0.1
97 6 -0.15 0.15 -0.35 0.1
97 7 -0.25 0.2 -0.3 0.15
98 0 -0.05 0.2 -0.2 0.15
98 1 -0.05 0.2 -0.2 0.15
98 2 -0.1 0.2 -0.25 0.15
98 3 -0.1 0.15 -0.25 0.15
98 4 -0.1 0.15 -0.25 0.15
98 5 -0.15 0.15 -0.25 0.15
98 6 -0.15 0.2 -0.25 0.15
98 7 -0.15 0.15 -0.25 0.15
99 0 -0.05 0.2 -0.15 0.2
99 1 -0.05 0.2 -0.15 0.2
99 2 -0.1 0.2 -0.15 0.2
99 3 -0.1 0.15 -0.15 0.2
99 4 -0.1 0.15 -0.15 0.2
99 5 -0.15 0.2 -0.15 0.25
99 6 -0.15 0.2 -0.15 0.2
99 7 -0.2 0.2 -0.2 0.2
100 0 -0.05 0.2 -0.1 0.25
100 1 -0.05 0.2 -0.1 0.25
100 2 -0.1 0.2 -0.15 0.25
100 3 -0.1 0.2 -0.1 0.25
100 4 -0.1 0.15 -0.1 0.25
100 5 -0.1 0.2 -0.1 0.25
100 6 -0.1 0.15 -0.1 0.3
100 7 -0.2 0.15 -0.1 0.3
101 0 -0.05 0.2 -0.05 0.25
101 1 -0.05 0.2 -0.05 0.25
101 2 -0.1 0.2 -0.05 0.25
101 3 -0.1 0.15 -0.05 0.25
101 4 -0.1 0.15 -0.05 0.25
101 5 -0.1 0.15 -0.05 0.25
101 6 -0.15 0.15 -0.05 0.3
101 7 -0.15 0.15 -0.05 0.3
102 0 -0.1 0.2 0 0.25
102 1 -0.1 0.2 0 0.25
102 2 -0.15 0.25 0 0.25
102 3 -0.1 0.2 0 0.25
102 4 -0.1 0.15 0 0.25
102 5 -0.15 0.15 0 0.25
102 6 -0.25 0.2 0 0.3
102 7 -0.25 0.2 0 0.35
103 0 0 0.3 -0.25 -0.1
103 1 0 0.3 -0.25 -0.1
103 2 0 0.3 -0.25 -0.05
103 3 0 0.3 -0.25 -0.05
103 4 -0.05 0.25 -0.25 -0.1
103 5 -0.25 0 0.1 0.25
103 6 -0.1 0.25 -0.3 -0.1
103 7 -0.15 0.25 -0.35 -0.1
104 0 0 0.3 -0.25 -0.05
104 1 0 0.25 -0.25 -0.05
104 2 0 0.25 -0.25 -0.05
104 3 0 0.25 -0.25 -0.05
104 4 -0.05 0.25 -0.25 -0.05
104 5 -0.05 0.25 -0.25 -0.05
104 6 -0.05 0.25 -0.3 -0.05
104 7 -0.1 0.25 -0.3 -0.05
105 0 0 0.25 -0.25 0.05
105 1 0 0.25 -0.25 0.05
105 2 0 0.25 -0.25 0.05
105 3 0 0.25 -0.25 0.05
105 4 -0.05 0.25 -0.25 0.05
105 5 -0.05 0.25 -0.25 0.05
105 6 -0.05 0.25 -0.3 0.05
105 7 -0.1 0.25 -0.3 0.05
106 0 0 0.25 -0.25 0.1
106 1 0 0.25 -0.25 0.1
106 2 0 0.25 -0.25 0.1
106 3 0 0.25 -0.25 0.1
106 4 -0.05 0.25 -0.25 0.1
106 5 -0.1 0.25 -0.25 0.1
106 6 -0.1 0.25 -0.3 0.15
106 7 -0.1 0.2 -0.3 0.1
107 0 0 0.25 -0.2 0.15
107 1 0 0.25 -0.2 0.15
107 2 0 0.3 -0.2 0.15
107 3 -0.05 0.25 -0.2 0.15
107 4 -0.05 0.25 -0.25 0.15
107 5 -0.05 0.25 -0.25 0.15
107 6 -0.05 0.25 -0.25 0.15
107 7 -0.1 0.25 -0.25 0.2
108 0 0 0.25 -0.15 0.2
108 1 0 0.25 -0.15 0.2
108 2 0 0.25 -0.15 0.2
108 3 -0.05 0.25 -0.15 0.2
108 4 -0.05 0.25 -0.15 0.2
108 5 -0.05 0.2 -0.15 0.2
108 6 -0.1 0.2 -0.15 0.2
108 7 -0.1 0.25 -0.15 0.2
109 0 0 0.25 -0.1 0.25
109 1 0 0.25 -0.1 0.25
109 2 0 0.25 -0.1 0.25
109 3 0 0.25 -0.1 0.25
109 4 -0.05 0.25 -0.1 0.25
109 5 -0.05 0.2 -0.1 0.25
109 6 -0.05 0.2 -0.1 0.35
109 7 -0.1 0.2 -0.1 0.3
110 0 0 0.25 -0.05 0.25
110 1 0 0.25 -0.05 0.25
110 2 -0.05 0.25 -0.05 0.25
110 3 -0.05 0.2 -0.05 0.25
110 4 -0.05 0.2 -0.05 0.25
110 5 -0.05 0.2 -0.05 0.25
110 6 -0.05 0.25 -0.05 0.3
110 7 -0.1 0.25 -0.05 0.35
111 0 -0.05 0.25 0 0.25
111 1 -0.1 0.25 0 0.25
111 2 -0.1 0.25 0 0.25
111 3 -0.1 0.2 0 0.25
111 4 -0.1 0.2 0 0.25
111 5 -0.1 0.2 -0.05 0.25
111 6 -0.15 0.2 0 0.35
111 7 -0.15 0.2 0.05 0.35
112 0 0.1 0.45 -0.25 -0.05
112 1 0.1 0.45 -0.25 -0.05
112 2 0.1 0.35 -0.25 -0.05
112 3 0.05 0.45 -0.25 -0.05
112 4 0.05 0.35 -0.25 -0.05
112 5 0.05 0.4 -0.25 -0.05
112 6 0.05 0.35 -0.3 -0.1
112 7 0.05 0.45 -0.35 -0.1
113 0 0.1 0.35 -0.25 0
113 1 0.1 0.35 -0.25 0
113 2 0.05 0.35 -0.25 0
113 3 0.05 0.35 -0.25 0
113 4 0.05 0.35 -0.25 0
113 5 0.05 0.35 -0.25 0.05
113 6 0 0.35 -0.3 0
113 7 0 0.35 -0.35 0
114 0 0.1 0.35 -0.25 0.05
114 1 0.05 0.35 -0.25 0.05
114 2 0.05 0.35 -0.25 0.05
114 3 0.05 0.4 -0.25 0.05
114 4 0.05 0.4 -0.25 0.05
114 5 0.05 0.35 -0.25 0.05
114 6 0 0.35 -0.3 0.05
114 7 0 0.35 -0.3 0.05
115 0 0.1 0.35 -0.25 0.1
115 1 0.05 0.3 -0.25 0.1
115 2 0.05 0.3 -0.25 0.1
115 3 0.05 0.3 -0.25 0.1
115 4 0.05 0.3 -0.25 0.1
115 5 0 0.3 -0.25 0.15
115 6 0 0.4 -0.3 0.1
115 7 0 0.35 -0.35 0.15
116 0 0.05 0.3 -0.2 0.15
116 1 0.05 0.3 -0.2 0.15
116 2 0.05 0.3 -0.2 0.15
116 3 0.05 0.3 -0.2 0.15
116 4 0 0.3 -0.2 0.15
116 5 0 0.3 -0.2 0.15
116 6 0 0.3 -0.2 0.2
116 7 0 0.3 -0.25 0.2
117 0 0.05 0.3 -0.15 0.2
117 1 0.05 0.3 -0.15 0.2
117 2 0.05 0.3 -0.15 0.2
117 3 0 0.35 -0.15 0.2
117 4 0 0.3 -0.15 0.2
117 5 0 0.3 -0.2 0.25
117 6 0 0.25 -0.15 0.25
117 7 0 0.25 -0.15 0.25
118 0 0.05 0.3 -0.1 0.25
118 1 0.05 0.3 -0.1 0.25
118 2 0.05 0.3 -0.1 0.25
118 3 0 0.25 -0.1 0.25
118 4 0 0.25 -0.1 0.25
118 5 0 0.25 -0.1 0.25
118 6 0 0.25 -0.1 0.35
118 7 -0.05 0.25 -0.1 0.3
119 0 0.05 0.25 -0.05 0.25
119 1 0.05 0.3 -0.05 0.25
119 2 -0.1 0.3 -0.05 0.25
119 3 -0.05 0.3 -0.05 0.25
119 4 -0.05 0.25 -0.05 0.25
119 5 0 0.3 -0.05 0.25
119 6 -0.05 0.25 -0.05 0.35
119 7 -0.05 0.25 -0.05 0.35
120 0 -0.05 0.3 0 0.25
120 1 -0.1 0.3 0 0.25
120 2 -0.05 0.3 0 0.25
120 3 -0.05 0.25 0 0.25
120 4 -0.05 0.25 0 0.25
120 5 -0.05 0.25 0.05 0.25
120 6 -0.15 0.25 0.05 0.3
120 7 -0.1 0.25 0.05 0.35
121 0 0.2 0.55 -0.25 -0.05
121 1 0.2 0.55 -0.25 -0.05
121 2 0.15 0.55 -0.25 -0.05
121 3 0.15 0.6 -0.25 -0.05
121 4 0.15 0.6 -0.25 -0.05
121 5 0.15 0.6 -0.25 -0.05
121 6 0.15 0.6 -0.3 -0.05
121 7 0.15 0.55 -0.35 -0.05
122 0 0.2 0.45 -0.25 0
122 1 0.15 0.4 -0.25 0
122 2 0.15 0.45 -0.25 0
122 3 0.15 0.4 -0.25 0.05
122 4 0.15 0.45 -0.25 0
122 5 0.1 0.45 -0.25 0
122 6 0.1 0.45 -0.3 0.05
122 7 0.1 0.4 -0.3 0
123 0 0.15 0.4 -0.25 0.1
123 1 0.15 0.4 -0.25 0.1
123 2 0.15 0.4 -0.25 0.1
123 3 0.15 0.4 -0.25 0.1
123 4 0.1 0.4 -0.25 0.1
123 5 0.1 0.4 -0.25 0.1
123 6 0.1 0.4 -0.3 0.1
123 7 0.1 0.4 -0.3 0.1
124 0 0.15 0.4 -0.25 0.15
124 1 0.15 0.4 -0.25 0.15
124 2 0.05 0.4 -0.25 0.15
124 3 0.1 0.35 -0.25 0.15
124 4 0.1 0.35 -0.25 0.15
124 5 0.1 0.4 -0.25 0.15
124 6 0.05 0.35 -0.25 0.15
124 7 0.1 0.35 -0.25 0.15
125 0 0.1 0.35 -0.2 0.15
125 1 0.1 0.35 -0.2 0.2
125 2 0.1 0.4 -0.2 0.2
125 3 0.1 0.4 -0.2 0.2
125 4 0.1 0.35 -0.2 0.2
125 5 0.05 0.35 -0.2 0.2
125 6 0.1 0.4 -0.2 0.2
125 7 -0.05 0.4 -0.2 0.2
126 0 0.1 0.35 -0.1 0.2
126 1 0.1 0.35 -0.15 0.25
126 2 0.1 0.35 -0.15 0.25
126 3 0.1 0.35 -0.15 0.25
126 4 0.05 0.35 -0.15 0.25
126 5 0.05 0.35 -0.1 0.25
126 6 0.05 0.35 -0.15 0.25
126 7 0.05 0.35 -0.15 0.25
127 0 0.1 0.35 -0.05 0.25
127 1 0.1 0.35 -0.05 0.25
127 2 0.1 0.35 -0.05 0.25
127 3 0.1 0.35 -0.05 0.25
127 4 0.05 0.35 -0.05 0.25
127 5 0.05 0.35 -0.05 0.25
127 6 0 0.3 -0.05 0.3
127 7 0.05 0.3 -0.05 0.3
128 0 0.1 0.3 0 0.25
128 1 -0.05 0.3 0 0.25
128 2 0 0.35 0 0.25
128 3 0.05 0.3 0 0.25
128 4 0.05 0.3 0 0.25
128 5 0.05 0.3 0 0.25
128 6 0 0.3 0 0.3
128 7 -0.05 0.3 0 0.35
129 0 -0.05 0.35 0 0.25
129 1 0 0.3 0 0.25
129 2 0.05 0.3 0.05 0.25
129 3 0.05 0.3 0.05 0.25
129 4 0 0.3 0.05 0.25
129 5 0 0.3 0.05 0.25
129 6 -0.05 0.3 0.05 0.3
129 7 -0.1 0.3 0.05 0.35
130 0 0.25 0.75 -0.25 0
130 1 0.25 0.75 -0.25 0
130 2 0.25 0.75 -0.25 0
130 3 0.2 0.8 -0.25 0
130 4 0.25 0.8 -0.25 0
130 5 0.25 0.65 -0.25 0
130 6 0.2 0.7 -0.35 0
130 7 0.2 0.75 -0.35 0
131 0 0.25 0.5 -0.25 0.05
131 1 0.25 0.5 -0.25 0.05
131 2 0.2 0.5 -0.25 0.05
131 3 0.25 0.6 -0.25 0.05
131 4 0.2 0.55 -0.25 0.05
131 5 0.2 0.5 -0.25 0.05
131 6 0.15 0.6 -0.3 0.1
131 7 0.15 0.65 -0.3 0.05
132 0 0.2 0.45 -0.25 0.1
132 1 0.2 0.45 -0.25 0.1
132 2 0.2 0.45 -0.25 0.1
132 3 0.2 0.5 -0.25 0.1
132 4 0.2 0.45 -0.25 0.15
132 5 0.2 0.45 -0.25 0.1
132 6 0.15 0.5 -0.3 0.1
132 7 0.15 0.45 -0.3 0.1
133 0 0.2 0.45 -0.2 0.15
133 1 0.2 0.45 -0.2 0.15
133 2 0.2 0.45 -0.2 0.15
133 3 0.15 0.45 -0.2 0.15
133 4 0.15 0.45 -0.2 0.15
133 5 0.15 0.5 -0.25 0.2
133 6 0.15 0.45 -0.2 0.2
133 7 0.15 0.45 -0.3 0.25
134 0 0.15 0.4 -0.15 0.2
134 1 0.15 0.4 -0.15 0.2
134 2 0.15 0.4 -0.15 0.2
134 3 0.15 0.4 -0.15 0.2
134 4 0.15 0.4 -0.15 0.25
134 5 0.1 0.4 -0.15 0.2
134 6 0.15 0.4 -0.15 0.25
134 7 0.1 0.45 -0.15 0.25
135 0 0.15 0.4 -0.1 0.25
135 1 0.15 0.4 -0.1 0.25
135 2 0.15 0.4 -0.1 0.25
135 3 0.15 0.4 -0.1 0.25
135 4 0.1 0.4 -0.1 0.25
135 5 0.15 0.4 -0.1 0.25
135 6 0.1 0.4 -0.1 0.3
135 7 0.1 0.45 -0.1 0.3
136 0 0.15 0.35 -0.05 0.25
136 1 0.15 0.4 -0.05 0.25
136 2 0.15 0.4 -0.05 0.25
136 3 0.05 0.35 -0.05 0.25
136 4 0.1 0.35 -0.05 0.25
136 5 0.1 0.35 -0.05 0.25
136 6 0.1 0.35 -0.05 0.3
136 7 0.1 0.4 -0.05 0.3
137 0 0 0.35 0 0.25
137 1 0.05 0.35 0 0.25
137 2 0.05 0.35 0 0.25
137 3 0.1 0.35 0 0.25
137 4 0.1 0.35 0 0.25
137 5 0.05 0.35 0 0.25
137 6 0.1 0.35 0 0.3
137 7 0 0.35 0 0.35
138 0 0.05 0.35 0.05 0.25
138 1 0.05 0.35 0.05 0.25
138 2 0.05 0.35 0.05 0.25
138 3 0.05 0.35 0.05 0.25
138 4 0.05 0.35 0.05 0.25
138 5 0.05 0.35 0.05 0.25
138 6 0 0.35 0.05 0.3
138 7 -0.1 0.4 0.05 0.35
139 0 0.3 0.7 -0.25 0.05
139 1 0.3 0.7 -0.25 0.05
139 2 0.35 0.75 -0.25 0.05
139 3 0.3 0.75 -0.25 0.05
139 4 0.3 0.8 -0.25 0.05
139 5 0.3 0.8 -0.25 0.05
139 6 0.35 0.8 -0.35 0.05
139 7 0.3 0.8 -0.35 0.05
140 0 0.3 0.55 -0.25 0.1
140 1 0.3 0.55 -0.25 0.1
140 2 0.3 0.55 -0.25 0.1
140 3 0.3 0.55 -0.25 0.1
140 4 0.3 0.55 -0.25 0.1
140 5 0.3 0.6 -0.25 0.1
140 6 0.25 0.6 -0.3 0.1
140 7 0.2 0.6 -0.35 0.1
141 0 0.3 0.55 -0.25 0.15
141 1 0.25 0.55 -0.2 0.15
141 2 0.25 0.55 -0.2 0.15
141 3 0.25 0.55 -0.25 0.15
141 4 0.2 0.55 -0.25 0.15
141 5 0.25 0.55 -0.25 0.15
141 6 0.2 0.55 -0.25 0.2
141 7 0.25 0.55 -0.25 0.15
142 0 0.25 0.5 -0.15 0.2
142 1 0.25 0.5 -0.15 0.2
142 2 0.25 0.5 -0.2 0.2
142 3 0.2 0.5 -0.2 0.2
142 4 0.2 0.5 -0.2 0.2
142 5 0.25 0.5 -0.2 0.2
142 6 0.2 0.55 -0.2 0.2
142 7 0.15 0.5 -0.2 0.2
143 0 0.2 0.45 -0.1 0.2
143 1 0.2 0.45 -0.1 0.25
143 2 0.2 0.45 -0.1 0.25
143 3 0.2 0.5 -0.1 0.25
143 4 0.2 0.45 -0.1 0.25
143 5 0.2 0.5 -0.1 0.25
143 6 0.2 0.5 -0.15 0.25
143 7 0.2 0.5 -0.15 0.25
144 0 0.2 0.45 -0.05 0.25
144 1 0.2 0.45 -0.05 0.25
144 2 0.2 0.45 -0.05 0.25
144 3 0.2 0.45 -0.05 0.25
144 4 0.2 0.45 -0.05 0.25
144 5 0.15 0.45 -0.05 0.25
144 6 0.15 0.45 -0.05 0.35
144 7 0.15 0.5 -0.05 0.3
145 0 0.2 0.4 -0.05 0.25
145 1 0.15 0.45 0 0.25
145 2 0.15 0.4 0 0.25
145 3 0.15 0.45 0 0.25
145 4 0.15 0.4 0 0.25
145 5 0.15 0.45 -0.05 0.25
145 6 0.15 0.45 0 0.3
145 7 0.1 0.45 0 0.35
146 0 0.1 0.4 0 0.25
146 1 0.1 0.4 0 0.25
146 2 0.15 0.4 0 0.25
146 3 0.15 0.4 0 0.25
146 4 0.15 0.4 0.05 0.25
146 5 0.15 0.4 0.05 0.25
146 6 0.05 0.4 0.05 0.3
146 7 0.1 0.4 0.05 0.35
147 0 0.1 0.4 0.05 0.25
147 1 0.15 0.4 0.05 0.25
147 2 0.15 0.4 0.05 0.25
147 3 0.15 0.4 0.05 0.25
147 4 0.05 0.4 0.05 0.25
147 5 0 0.4 0.05 0.25
147 6 0.05 0.4 0.1 0.35
147 7 0.05 0.4 0.1 0.35
148 0 0.4 0.8 -0.25 0.1
148 1 0.4 0.8 -0.25 0.1
148 2 0.4 0.8 -0.25 0.1
148 3 0.4 0.8 -0.25 0.1
148 4 0.4 0.8 -0.25 0.1
148 5 0.35 0.8 -0.25 0.05
148 6 0.4 0.85 -0.3 0.1
148 7 0.35 0.85 -0.35 0.1
149 0 0.35 0.6 -0.25 0.15
149 1 0.35 0.65 -0.25 0.15
149 2 0.35 0.65 -0.25 0.15
149 3 0.35 0.65 -0.25 0.15
149 4 0.35 0.65 -0.25 0.15
149 5 0.35 0.65 -0.25 0.2
149 6 0.3 0.65 -0.25 0.2
149 7 0.3 0.65 -0.3 0.15
150 0 0.3 0.55 -0.15 0.15
150 1 0.35 0.6 -0.2 0.15
150 2 0.3 0.6 -0.2 0.15
150 3 0.3 0.6 -0.2 0.2
150 4 0.3 0.6 -0.2 0.2
150 5 0.3 0.65 -0.2 0.2
150 6 0.3 0.65 -0.2 0.2
150 7 0.25 0.65 -0.2 0.2
151 0 0.3 0.55 -0.15 0.2
151 1 0.3 0.55 -0.15 0.2
151 2 0.3 0.55 -0.15 0.2
151 3 0.3 0.55 -0.15 0.25
151 4 0.3 0.6 -0.15 0.25
151 5 0.25 0.55 -0.15 0.25
151 6 0.25 0.55 -0.15 0.25
151 7 0.25 0.55 -0.15 0.25
152 0 0.25 0.5 -0.1 0.25
152 1 0.25 0.5 -0.1 0.25
152 2 0.25 0.5 -0.1 0.25
152 3 0.25 0.5 -0.1 0.25
152 4 0.25 0.5 -0.1 0.25
152 5 0.25 0.55 -0.1 0.25
152 6 0.2 0.55 -0.1 0.3
152 7 0.25 0.55 -0.1 0.3
153 0 0.25 0.5 -0.05 0.25
153 1 0.25 0.5 -0.05 0.25
153 2 0.25 0.5 -0.1 0.25
153 3 0.25 0.5 -0.05 0.25
153 4 0.25 0.5 -0.05 0.25
153 5 0.25 0.5 -0.05 0.25
153 6 0.25 0.5 -0.05 0.3
153 7 0.2 0.55 -0.1 0.35
154 0 0.2 0.45 0 0.25
154 1 0.2 0.45 0 0.25
154 2 0.2 0.45 0 0.25
154 3 0.2 0.5 0 0.25
154 4 0.2 0.5 0 0.25
154 5 0.2 0.5 0 0.25
154 6 0.2 0.5 0 0.3
154 7 0.2 0.5 0 0.35
155 0 0.2 0.45 0.05 0.25
155 1 0.2 0.45 0.05 0.25
155 2 0.2 0.45 0.05 0.25
155 3 0.2 0.45 0.05 0.25
155 4 0.2 0.45 0.05 0.25
155 5 0.2 0.45 0.05 0.25
155 6 0.2 0.45 0.05 0.35
155 7 0.2 0.45 0.05 0.35
156 0 0.45 0.8 -0.25 0.1
156 1 0.45 0.8 -0.25 0.15
156 2 0.45 0.8 -0.25 0.15
156 3 0.45 0.8 -0.25 0.15
156 4 0.45 0.8 -0.25 0.15
156 5 0.45 0.8 -0.25 0.2
156 6 0.35 0.9 -0.3 0.15
156 7 0.45 0.9 -0.3 0.15
157 0 0.4 0.8 -0.25 0.15
157 1 0.4 0.8 -0.25 0.15
157 2 0.4 0.8 -0.25 0.15
157 3 0.45 0.8 -0.25 0.15
157 4 0.4 0.8 -0.25 0.2
157 5 0.4 0.8 -0.25 0.2
157 6 0.35 0.85 -0.3 0.2
157 7 0.4 0.9 -0.3 0.2
158 0 0.4 0.65 -0.15 0.2
158 1 0.4 0.65 -0.15 0.2
158 2 0.35 0.65 -0.15 0.2
158 3 0.4 0.7 -0.15 0.25
158 4 0.4 0.7 -0.2 0.2
158 5 0.35 0.7 -0.15 0.25
158 6 0.4 0.7 -0.15 0.25
158 7 0.35 0.7 -0.2 0.25
159 0 0.35 0.6 -0.1 0.25
159 1 0.35 0.6 -0.1 0.25
159 2 0.35 0.6 -0.1 0.25
159 3 0.35 0.65 -0.1 0.25
159 4 0.35 0.65 -0.1 0.25
159 5 0.3 0.65 -0.1 0.25
159 6 0.35 0.65 -0.15 0.25
159 7 0.3 0.65 -0.15 0.3
160 0 0.3 0.55 -0.05 0.25
160 1 0.3 0.55 -0.05 0.25
160 2 0.3 0.6 -0.05 0.25
160 3 0.3 0.6 -0.1 0.25
160 4 0.3 0.6 -0.05 0.25
160 5 0.3 0.65 -0.1 0.25
160 6 0.3 0.6 -0.1 0.3
160 7 0.3 0.6 -0.05 0.3
161 0 0.3 0.55 -0.05 0.25
161 1 0.3 0.55 -0.05 0.25
161 2 0.3 0.55 -0.05 0.25
161 3 0.3 0.55 -0.05 0.25
161 4 0.25 0.55 -0.05 0.25
161 5 0.25 0.55 -0.05 0.25
161 6 0.2 0.55 0 0.3
161 7 0.25 0.55 0 0.35
162 0 0.25 0.5 0 0.25
162 1 0.25 0.5 0 0.25
162 2 0.25 0.5 0 0.25
162 3 0.25 0.55 0 0.25
162 4 0.25 0.55 0 0.25
162 5 0.25 0.55 0 0.25
162 6 0.25 0.55 0 0.35
162 7 0.25 0.55 0.05 0.35
163 0 0.25 0.5 0.05 0.25
163 1 0.25 0.5 0.05 0.25
163 2 0.25 0.5 0.05 0.25
163 3 0.25 0.5 0.05 0.25
163 4 0.25 0.5 0.05 0.25
163 5 0.25 0.5 0.05 0.25
163 6 0.25 0.5 0.05 0.35
163 7 0.25 0.5 0.05 0.35
164 0 0.45 0.8 -0.2 0.2
164 1 0.45 0.8 -0.2 0.2
164 2 0.5 0.8 -0.25 0.15
164 3 0.5 0.8 -0.25 0.2
164 4 0.45 0.8 -0.25 0.2
164 5 0.45 0.8 -0.25 0.2
164 6 0.5 0.9 -0.25 0.2
164 7 0.45 0.9 -0.3 0.25
165 0 0.45 0.7 -0.15 0.2
165 1 0.4 0.7 -0.15 0.2
165 2 0.45 0.75 -0.15 0.25
165 3 0.4 0.8 -0.2 0.2
165 4 0.45 0.8 -0.2 0.25
165 5 0.45 0.8 -0.2 0.25
165 6 0.4 0.85 -0.2 0.25
165 7 0.45 0.9 -0.15 0.25
166 0 0.4 0.65 -0.1 0.25
166 1 0.4 0.65 -0.1 0.25
166 2 0.4 0.65 -0.1 0.25
166 3 0.4 0.7 -0.1 0.25
166 4 0.4 0.7 -0.1 0.25
166 5 0.4 0.75 -0.1 0.25
166 6 0.4 0.7 -0.1 0.3
166 7 0.4 0.75 -0.1 0.3
167 0 0.4 0.65 -0.05 0.25
167 1 0.4 0.65 -0.05 0.25
167 2 0.35 0.65 -0.05 0.25
167 3 0.4 0.65 -0.05 0.25
167 4 0.35 0.65 -0.05 0.25
167 5 0.4 0.7 -0.05 0.25
167 6 0.35 0.75 -0.05 0.3
167 7 0.4 0.7 -0.05 0.3
168 0 0.35 0.6 0 0.25
168 1 0.35 0.6 0 0.25
168 2 0.35 0.6 0 0.25
168 3 0.35 0.6 0 0.25
168 4 0.3 0.6 0 0.25
168 5 0.35 0.65 0 0.25
168 6 0.35 0.6 0 0.3
168 7 0.35 0.65 0 0.35
169 0 0.3 0.55 0 0.25
169 1 0.3 0.55 0 0.25
169 2 0.35 0.6 0 0.25
169 3 0.3 0.6 0 0.25
169 4 0.35 0.6 0.05 0.25
169 5 0.35 0.6 0.05 0.25
169 6 0.35 0.6 0.05 0.3
169 7 0.3 0.6 0.05 0.35
170 0 0.3 0.55 0.05 0.25
170 1 0.3 0.55 0.05 0.25
170 2 0.3 0.55 0.05 0.25
170 3 0.3 0.55 0.05 0.25
170 4 0.3 0.55 0.05 0.25
170 5 0.3 0.65 0.05 0.25
170 6 0.3 0.55 0.1 0.35
170 7 0.3 0.55 0.1 0.35
171 0 0.55 0.8 -0.2 0.25
171 1 0.55 0.8 -0.15 0.25
171 2 0.55 0.8 -0.2 0.25
171 3 0.55 0.8 -0.2 0.25
171 4 0.55 0.8 -0.2 0.25
171 5 0.55 0.8 -0.2 0.25
171 6 0.55 0.95 -0.2 0.3
171 7 0.6 0.9 -0.2 0.3
172 0 0.5 0.8 -0.05 0.25
172 1 0.5 0.8 -0.05 0.25
172 2 0.5 0.8 -0.2 0.25
172 3 0.5 0.8 -0.15 0.25
172 4 0.5 0.8 -0.1 0.25
172 5 0.5 0.8 -0.1 0.25
172 6 0.5 0.9 -0.05 0.3
172 7 0.55 0.9 -0.1 0.3
173 0 0.45 0.8 -0.05 0.25
173 1 0.45 0.75 0 0.25
173 2 0.45 0.75 -0.05 0.25
173 3 0.45 0.8 -0.05 0.25
173 4 0.45 0.75 -0.05 0.25
173 5 0.45 0.8 -0.05 0.25
173 6 0.45 0.8 -0.05 0.3
173 7 0.45 0.9 0 0.3
174 0 0.4 0.8 0 0.25
174 1 0.45 0.7 0 0.25
174 2 0.45 0.7 0 0.25
174 3 0.45 0.7 0 0.25
174 4 0.45 0.7 0 0.25
174 5 0.45 0.7 -0.05 0.25
174 6 0.45 0.95 -0.05 0.3
174 7 0.4 0.9 0 0.35
175 0 0.4 0.65 0 0.25
175 1 0.4 0.65 0 0.25
175 2 0.4 0.65 0 0.25
175 3 0.4 0.7 0.05 0.25
175 4 0.4 0.7 0 0.25
175 5 0.4 0.7 0 0.25
175 6 0.35 0.7 0.05 0.35
175 7 0.4 0.7 0.05 0.35
176 0 0.35 0.6 0.05 0.25
176 1 0.35 0.6 0.05 0.25
176 2 0.4 0.65 0.05 0.25
176 3 0.4 0.65 0.05 0.25
176 4 0.4 0.65 0.05 0.25
176 5 0.4 0.65 0.05 0.25
176 6 0.35 0.65 0.1 0.3
176 7 0.4 0.65 0.1 0.35
177 0 0.3 0.6 0.05 0.25
177 1 0.35 0.6 0.05 0.25
177 2 0.35 0.6 0.05 0.25
177 3 0.3 0.6 0.05 0.25
177 4 0.35 0.6 0.05 0.25
177 5 0.3 0.6 0.05 0.25
177 6 0.3 0.6 0.1 0.35
177 7 0.3 0.65 0.05 0.35
178 0 0.55 0.8 -0.05 0.25
178 1 0.55 0.8 -0.05 0.25
178 2 0.55 0.8 -0.05 0.25
178 3 0.55 0.8 -0.05 0.25
178 4 0.5 0.8 -0.05 0.25
178 5 0.55 0.8 -0.05 0.25
178 6 0.6 0.9 -0.05 0.3
178 7 0.6 0.9 -0.1 0.35
179 0 0.5 0.8 -0.05 0.25
179 1 0.5 0.8 -0.05 0.25
179 2 0.5 0.8 -0.05 0.25
179 3 0.5 0.8 -0.05 0.25
179 4 0.5 0.8 0 0.25
179 5 0.55 0.8 0 0.25
179 6 0.55 0.9 -0.1 0.35
179 7 0.55 0.9 0 0.35
180 0 0.45 0.8 0 0.25
180 1 0.5 0.8 0 0.25
180 2 0.5 0.8 0 0.25
180 3 0.5 0.8 0 0.25
180 4 0.5 0.8 0 0.25
180 5 0.5 0.8 0 0.25
180 6 0.5 0.9 0 0.35
180 7 0.5 0.9 0 0.35
181 0 0.45 0.8 0.05 0.25
181 1 0.45 0.8 0.05 0.25
181 2 0.45 0.8 0.05 0.25
181 3 0.45 0.8 0.05 0.25
181 4 0.45 0.8 0.05 0.25
181 5 0.5 0.8 0.05 0.25
181 6 0.45 0.9 0.05 0.35
181 7 0.45 0.9 0.05 0.35
182 0 0.4 0.8 0.05 0.25
182 1 0.45 0.8 0.05 0.25
182 2 0.45 0.7 0.05 0.25
182 3 0.45 0.7 0.05 0.25
182 4 0.45 0.75 0.05 0.25
182 5 0.4 0.75 0.1 0.25
182 6 0.45 0.85 0.1 0.35
182 7 0.45 0.8 0.1 0.35
183 0 0.4 0.7 0.1 0.25
183 1 0.4 0.7 0.05 0.25
183 2 0.4 0.7 0.1 0.25
183 3 0.35 0.7 0.1 0.25
183 4 0.25 0.7 0.1 0.25
183 5 0.3 0.8 0.05 0.25
183 6 0.4 0.75 0.1 0.35
183 7 0.4 0.75 0.1 0.35
